For different N's...
10**1	10**2	10**3	10**4	10**5	10**6	10**7	10**8
0.3	0.78	0.756	0.7973	0.78161	0.785062	0.785506	0.785158	
0	0.47	0.733	0.7516	0.78992	0.786335	0.785565	0.785293	
0.1	0.7	0.834	0.786	0.7869	0.784831	0.786067	0.785374	
0	0.62	0.879	0.806	0.78328	0.784541	0.7854	0.785504	
0.2	0.63	0.778	0.7901	0.78567	0.784979	0.786074	0.785209	
0.4	0.5	0.799	0.7766	0.78447	0.783261	0.785504	0.78537	
0	0.53	0.843	0.788	0.78717	0.786576	0.78467	0.785387	
0.4	0.65	0.815	0.7772	0.78643	0.783667	0.785413	0.785234	
0	0.75	0.71	0.7857	0.78633	0.784604	0.785454	0.785372	
0.8	0.56	0.782	0.7806	0.79288	0.784632	0.785214	0.78554	
0.4	0.65	0.741	0.7618	0.78623	0.785416	0.784899	0.785403	
0	0.75	0.774	0.8009	0.79153	0.786545	0.785544	0.785586	
0.3	0.81	0.829	0.7801	0.77875	0.78492	0.785116	0.785533	
0.1	0.57	0.778	0.7813	0.78932	0.786271	0.785308	0.785317	
0	0.72	0.815	0.7864	0.78342	0.783787	0.785414	0.785482	
0.2	0.72	0.762	0.7463	0.7881	0.787365	0.786072	0.785456	
0	0.74	0.79	0.7742	0.78532	0.786944	0.785736	0.785387	
0.2	0.78	0.807	0.8007	0.77762	0.787007	0.78553	0.785288	
0	0.59	0.741	0.8138	0.79167	0.784614	0.78548	0.785342	
0.1	0.84	0.8	0.7907	0.78415	0.785966	0.784968	0.785401	

1e1	0.175	0.204634	0.414461
1e2	0.668	0.104432	0.0246883
1e3	0.7883	0.0405267	0.00165083
1e4	0.783765	0.0164591	0.00027357
1e5	0.786039	0.00391029	1.57004e-05
1e6	0.785366	0.00116313	1.35389e-06
1e7	0.785447	0.000361297	1.3289e-07
1e8	0.785382	0.000110772	1.25365e-08

For different deltas...
0.0 to 3.0 every 0.05
0	0.784437	0.791226	0.785312	0.785723	0.787431	0.785635	0.783953	0.784758	0.782781	0.785048	0.786517	0.785082	0.785492	0.784902	0.785274	0.785503	0.784975	0.783733	0.784917	0.785202	0.785775	0.785075	0.786702	0.785911	0.786196	0.785574	0.784943	0.786637	0.784569	0.784623	0.78677	0.786463	0.785891	0.784092	0.786093	0.78587	0.786499	0.785704	0.784337	0.785408	0.783995	0.787619	0.783584	0.786555	0.784377	0.783967	0.781862	0.785319	0.78555	0.782161	0.784388	0.784649	0.784254	0.785748	0.782278	0.785029	0.78457	0.78822	0.785348	0.785734	
0	0.788679	0.780462	0.782268	0.7857	0.782376	0.783982	0.786286	0.783923	0.785538	0.786519	0.784768	0.785732	0.784118	0.785596	0.784608	0.785478	0.785884	0.786113	0.784977	0.785787	0.785629	0.784128	0.784783	0.785967	0.785817	0.785978	0.787231	0.785062	0.785082	0.785381	0.784942	0.786161	0.784616	0.786727	0.78494	0.78531	0.783404	0.784462	0.785864	0.786278	0.784892	0.783791	0.784944	0.784218	0.784148	0.785646	0.784241	0.785145	0.785266	0.786652	0.783163	0.789222	0.784914	0.783091	0.784755	0.784316	0.785082	0.785643	0.786828	0.78705	
0	0.798	0.781143	0.783705	0.789527	0.784231	0.788161	0.785148	0.785966	0.784748	0.785115	0.784509	0.785328	0.786131	0.7856	0.785715	0.785484	0.78381	0.785673	0.784793	0.785427	0.784606	0.786316	0.785979	0.784392	0.78509	0.78625	0.783473	0.785791	0.784595	0.786328	0.785626	0.785789	0.784855	0.785996	0.785855	0.785194	0.787559	0.784999	0.784631	0.785685	0.784333	0.788772	0.785585	0.785343	0.786205	0.786042	0.784352	0.783269	0.786542	0.786443	0.785519	0.788293	0.783238	0.783	0.786508	0.789214	0.784086	0.78241	0.786312	0.786961	
0	0.789739	0.791117	0.785915	0.784501	0.785104	0.787689	0.786536	0.783494	0.784148	0.784737	0.7848	0.786671	0.785628	0.783906	0.785301	0.786759	0.784629	0.785206	0.784259	0.784955	0.785153	0.785296	0.785112	0.783807	0.785832	0.784992	0.78767	0.784975	0.786479	0.784643	0.786163	0.786008	0.784647	0.784995	0.784516	0.785192	0.785454	0.785988	0.784207	0.785193	0.783601	0.786962	0.785144	0.783996	0.786744	0.78489	0.782617	0.786095	0.786461	0.783822	0.787888	0.786467	0.78689	0.783811	0.786788	0.787596	0.784354	0.784135	0.787924	0.786215	
0	0.785541	0.785895	0.786373	0.783715	0.785508	0.786051	0.785032	0.785555	0.784512	0.786423	0.785195	0.785773	0.78498	0.785329	0.784769	0.786491	0.784134	0.785867	0.788129	0.78587	0.783791	0.785576	0.785295	0.785599	0.786384	0.786311	0.784914	0.784726	0.785243	0.78547	0.78634	0.784651	0.784059	0.785279	0.785439	0.787115	0.784013	0.787533	0.785952	0.785175	0.784008	0.784867	0.783333	0.784598	0.786695	0.785823	0.785703	0.787022	0.7828	0.786186	0.786415	0.785922	0.78372	0.784862	0.787918	0.785526	0.787652	0.784938	0.78495	0.78608	
0	0.785876	0.784836	0.786829	0.784206	0.785825	0.786343	0.786441	0.785649	0.785566	0.786138	0.786429	0.786657	0.786523	0.786468	0.78463	0.785336	0.784815	0.786169	0.786532	0.786773	0.783915	0.786836	0.785129	0.784593	0.784193	0.784463	0.785555	0.78583	0.786354	0.784398	0.785651	0.785962	0.784355	0.787082	0.785672	0.784275	0.786498	0.785587	0.78555	0.784687	0.786288	0.786604	0.78591	0.788407	0.787453	0.788176	0.788518	0.785197	0.784892	0.787758	0.785416	0.782037	0.783399	0.785062	0.784995	0.785414	0.783771	0.782991	0.787358	0.785031	
0	0.795216	0.78409	0.789058	0.784478	0.784222	0.785378	0.78351	0.785918	0.78596	0.783749	0.785811	0.78584	0.784117	0.786259	0.785064	0.786411	0.786348	0.783981	0.785711	0.785638	0.785553	0.785053	0.78466	0.78604	0.785238	0.786012	0.784942	0.78482	0.785421	0.78359	0.785523	0.785748	0.785092	0.786012	0.783874	0.78618	0.783473	0.786133	0.78478	0.785506	0.784058	0.783758	0.785097	0.785323	0.783098	0.785029	0.785153	0.785498	0.784575	0.784696	0.785604	0.78647	0.785485	0.783795	0.788686	0.785074	0.786337	0.784215	0.784873	0.784213	
0	0.78175	0.776941	0.788762	0.785622	0.783819	0.786848	0.783435	0.78772	0.785614	0.783888	0.786325	0.785615	0.786066	0.786244	0.785354	0.786492	0.785495	0.784106	0.785617	0.785972	0.785383	0.785168	0.785501	0.785628	0.786265	0.785561	0.784476	0.784211	0.784568	0.78525	0.786133	0.786961	0.785721	0.7846	0.784343	0.785841	0.785259	0.785364	0.785521	0.784165	0.783022	0.785972	0.782528	0.785526	0.786067	0.785585	0.785325	0.785149	0.784271	0.788226	0.786634	0.785732	0.785495	0.785377	0.784334	0.785419	0.784102	0.786185	0.783683	0.7831	
0	0.792699	0.786452	0.790107	0.784532	0.784261	0.78313	0.786192	0.784413	0.785571	0.786611	0.785448	0.785631	0.786561	0.785543	0.786779	0.785294	0.783694	0.785807	0.786547	0.785061	0.78664	0.785011	0.784861	0.786836	0.78573	0.78539	0.784905	0.784827	0.78689	0.784815	0.785805	0.78634	0.785087	0.78538	0.785178	0.78485	0.786409	0.78537	0.785779	0.785218	0.786728	0.785405	0.787334	0.785613	0.786339	0.78423	0.783169	0.785994	0.784259	0.785156	0.784208	0.784282	0.789445	0.786332	0.782731	0.782672	0.784842	0.785838	0.784559	0.784125	
0	0.792577	0.782823	0.785378	0.781578	0.783779	0.787074	0.784917	0.785169	0.784475	0.786077	0.785414	0.783904	0.785205	0.784753	0.786025	0.78519	0.785984	0.784723	0.785491	0.786651	0.785595	0.785627	0.785835	0.785206	0.786205	0.785278	0.785595	0.784164	0.786569	0.786393	0.785189	0.784853	0.787126	0.783745	0.785486	0.78455	0.784863	0.784747	0.785189	0.785137	0.785627	0.785961	0.786866	0.786451	0.785091	0.786144	0.785088	0.784915	0.784384	0.787449	0.782355	0.785312	0.784768	0.787792	0.786065	0.786836	0.788349	0.787188	0.786099	0.787661	
0	0.786353	0.786343	0.785011	0.783398	0.782732	0.785179	0.784746	0.783561	0.785082	0.784711	0.786648	0.784997	0.784237	0.784468	0.785226	0.78589	0.784146	0.783947	0.784261	0.78573	0.783593	0.784577	0.785435	0.785725	0.785981	0.785467	0.786249	0.78591	0.784788	0.785114	0.786243	0.785736	0.785555	0.78463	0.785453	0.784337	0.786241	0.784559	0.784631	0.785638	0.78728	0.784999	0.786209	0.783864	0.783162	0.784022	0.78577	0.785458	0.785655	0.784544	0.786398	0.784633	0.781945	0.782998	0.785717	0.786426	0.783826	0.78394	0.783195	0.785187	
0	0.780618	0.778287	0.785744	0.785594	0.787026	0.784409	0.783755	0.784915	0.784575	0.786435	0.78493	0.784782	0.785521	0.783767	0.786612	0.786416	0.784217	0.7863	0.787687	0.784056	0.786433	0.784359	0.784523	0.785399	0.784857	0.784751	0.785738	0.783997	0.784477	0.7863	0.786693	0.785667	0.782293	0.785315	0.786981	0.785011	0.784176	0.784856	0.786678	0.786226	0.783938	0.786074	0.784272	0.785069	0.785539	0.786129	0.783679	0.786933	0.785985	0.783886	0.781697	0.786792	0.785306	0.781831	0.786124	0.784341	0.787828	0.786545	0.789585	0.785301	
0	0.780978	0.779788	0.786038	0.787234	0.783704	0.786496	0.785282	0.785027	0.786673	0.784915	0.784843	0.786944	0.786382	0.785896	0.785661	0.785065	0.785894	0.784994	0.785743	0.786037	0.785704	0.786474	0.785517	0.784592	0.784524	0.784379	0.785152	0.784146	0.786827	0.784312	0.784273	0.785957	0.785954	0.784946	0.786447	0.786228	0.783647	0.784456	0.784226	0.78665	0.785804	0.786317	0.785623	0.785925	0.785474	0.784589	0.787607	0.784996	0.785815	0.785558	0.784873	0.786063	0.784298	0.784065	0.785078	0.785609	0.784022	0.784838	0.787779	0.786573	
0	0.786594	0.782275	0.782375	0.786529	0.786794	0.785659	0.78494	0.784707	0.785125	0.786148	0.78597	0.78586	0.784574	0.786714	0.784947	0.785879	0.78495	0.785834	0.785909	0.785583	0.786114	0.78516	0.787303	0.785725	0.784422	0.78539	0.785521	0.784434	0.784863	0.785837	0.785039	0.786303	0.785053	0.785647	0.787234	0.78524	0.784618	0.786844	0.785163	0.787044	0.783563	0.785265	0.784568	0.783936	0.786399	0.785286	0.783603	0.785067	0.785476	0.785899	0.78314	0.784772	0.783356	0.784586	0.786791	0.786877	0.786476	0.78344	0.785828	0.781587	
0	0.784689	0.786016	0.784056	0.788668	0.785706	0.784188	0.788819	0.787812	0.786146	0.784545	0.786992	0.784276	0.784348	0.786174	0.784904	0.786091	0.785354	0.785308	0.785683	0.784809	0.784263	0.786464	0.785328	0.783958	0.785474	0.785456	0.786278	0.785871	0.783353	0.786354	0.786736	0.787369	0.785413	0.785181	0.786661	0.786946	0.783307	0.786409	0.784322	0.784596	0.785773	0.786228	0.784424	0.785862	0.784084	0.785415	0.784447	0.784688	0.78506	0.786617	0.784691	0.786349	0.785805	0.785917	0.786914	0.785028	0.786486	0.7851	0.784583	0.784992	
0	0.79135	0.785719	0.788532	0.784875	0.786618	0.784475	0.785632	0.783457	0.786283	0.785285	0.785707	0.785086	0.785056	0.785804	0.78492	0.785492	0.78499	0.787289	0.786589	0.786436	0.78608	0.785638	0.785974	0.785569	0.786754	0.784039	0.784711	0.783415	0.784952	0.786137	0.786012	0.784441	0.78608	0.784742	0.786155	0.786577	0.785815	0.784292	0.785487	0.784355	0.787915	0.78489	0.785686	0.785395	0.785666	0.785864	0.787075	0.786534	0.783939	0.785299	0.785801	0.786014	0.786517	0.787953	0.786736	0.786678	0.787426	0.783997	0.78627	0.786029	
0	0.764843	0.78315	0.785241	0.785046	0.78598	0.785151	0.787019	0.785752	0.784538	0.785299	0.785796	0.787094	0.784348	0.784722	0.783947	0.785294	0.783894	0.786753	0.78548	0.784381	0.78385	0.787025	0.785548	0.785067	0.786502	0.78652	0.786474	0.786917	0.786145	0.784597	0.785642	0.783986	0.787197	0.784403	0.78612	0.78592	0.785189	0.786814	0.785462	0.785684	0.785866	0.785414	0.786403	0.784276	0.785177	0.785093	0.788904	0.788345	0.785261	0.787545	0.784483	0.783988	0.784264	0.78505	0.786799	0.785931	0.786501	0.782394	0.785326	0.78578	
0	0.782253	0.788719	0.785136	0.787692	0.784943	0.783283	0.785779	0.785924	0.78408	0.784798	0.785251	0.784844	0.785309	0.785852	0.784911	0.785451	0.78603	0.785847	0.786349	0.784673	0.784203	0.785796	0.78535	0.784823	0.784982	0.786481	0.784677	0.784104	0.784211	0.785247	0.785562	0.786035	0.785585	0.783826	0.78537	0.784448	0.7861	0.786596	0.786792	0.786287	0.7872	0.786316	0.788054	0.785812	0.784717	0.787034	0.783903	0.785547	0.787894	0.78558	0.785196	0.785536	0.784926	0.784534	0.784476	0.787601	0.781328	0.784427	0.783111	0.783169	
0	0.79347	0.778647	0.785778	0.786504	0.783625	0.784934	0.78792	0.786909	0.784081	0.785908	0.784654	0.783778	0.785209	0.784789	0.785413	0.785297	0.787773	0.786125	0.787142	0.785442	0.785319	0.784729	0.785443	0.784954	0.78552	0.78466	0.784696	0.78469	0.783639	0.787117	0.785914	0.786887	0.786612	0.786709	0.785625	0.784924	0.786078	0.78566	0.786059	0.783659	0.785332	0.786382	0.784073	0.787012	0.783103	0.786744	0.78601	0.784666	0.786386	0.785206	0.784169	0.783865	0.785501	0.786673	0.783778	0.78568	0.785957	0.786451	0.784325	0.785797	
0	0.784336	0.787211	0.784843	0.787674	0.784181	0.783703	0.784442	0.784659	0.786859	0.785152	0.785669	0.784258	0.787058	0.785682	0.785069	0.786721	0.78516	0.785895	0.784735	0.784536	0.785325	0.784883	0.784161	0.785587	0.784756	0.784508	0.784366	0.786593	0.785358	0.785489	0.7842	0.784873	0.7853	0.787044	0.785759	0.785822	0.786997	0.785547	0.785166	0.786958	0.784761	0.785441	0.786562	0.786014	0.786691	0.786393	0.78696	0.786021	0.786387	0.784698	0.784068	0.785525	0.78645	0.786573	0.782636	0.788391	0.784314	0.78309	0.788195	0.784945	

0	0	0	0.61685
0.05	0.7865	0.00692529	4.91734e-05
0.1	0.784057	0.00395492	1.74401e-05
0.15	0.785823	0.0020149	4.24034e-06
0.2	0.78564	0.00185496	3.49927e-06
0.25	0.784893	0.00139522	2.20159e-06
0.3	0.785388	0.00138845	1.92788e-06
0.35	0.785489	0.00139144	1.9444e-06
0.4	0.785264	0.0012247	1.51777e-06
0.45	0.785118	0.000987569	1.05393e-06
0.5	0.785375	0.000842303	7.10008e-07
0.55	0.785584	0.000710754	5.39632e-07
0.6	0.785408	0.000940661	8.84932e-07
0.65	0.785343	0.000872528	7.64331e-07
0.7	0.785423	0.000805279	6.49112e-07
0.75	0.785256	0.0006499	4.42453e-07
0.8	0.785802	0.000546677	4.61698e-07
0.85	0.785109	0.000997199	1.07814e-06
0.9	0.785484	0.00094957	9.08965e-07
0.95	0.785828	0.00103453	1.25463e-06
1	0.785451	0.000727936	5.32677e-07
1.05	0.785146	0.000909034	8.89829e-07
1.1	0.78546	0.000795252	6.36194e-07
1.15	0.785422	0.000703844	4.95963e-07
1.2	0.785269	0.000731249	5.51433e-07
1.25	0.785536	0.000731081	5.53506e-07
1.3	0.785373	0.000722911	5.23233e-07
1.35	0.785378	0.000985464	9.71535e-07
1.4	0.785056	0.000965946	1.05013e-06
1.45	0.785219	0.00100443	1.04093e-06
1.5	0.78537	0.00086602	7.50798e-07
1.55	0.785723	0.000709749	6.09132e-07
1.6	0.785809	0.000851227	8.93785e-07
1.65	0.785325	0.00107427	1.15946e-06
1.7	0.785318	0.000992187	9.90933e-07
1.75	0.78566	0.000828463	7.54935e-07
1.8	0.785491	0.000822535	6.85275e-07
1.85	0.78528	0.00125945	1.60019e-06
1.9	0.785596	0.000894575	8.39404e-07
1.95	0.78529	0.000751355	5.76277e-07
2	0.785477	0.00089558	8.0835e-07
2.05	0.785199	0.00136642	1.90668e-06
2.1	0.785852	0.00115188	1.53266e-06
2.15	0.78531	0.00136143	1.86127e-06
2.2	0.78546	0.00111806	1.25385e-06
2.25	0.785311	0.00128097	1.64841e-06
2.3	0.785605	0.00101975	1.0827e-06
2.35	0.785199	0.00185864	3.49409e-06
2.4	0.785593	0.0010422	1.12411e-06
2.45	0.785343	0.00111206	1.23974e-06
2.5	0.785669	0.00146732	2.22641e-06
2.55	0.784805	0.00147269	2.52029e-06
2.6	0.785596	0.00153341	2.39054e-06
2.65	0.784999	0.0015844	2.66982e-06
2.7	0.784953	0.00159545	2.74407e-06
2.75	0.785505	0.00171641	2.95755e-06
2.8	0.785983	0.00148045	2.53366e-06
2.85	0.785365	0.0017158	2.94503e-06
2.9	0.784799	0.00156272	2.80078e-06
2.95	0.785807	0.00170664	3.07941e-06
3	0.785277	0.00144367	2.09899e-06

Tasa de rechazo...
1	0.024306	0.048944	0.074012	0.097485	0.119777	0.143701	0.167386	0.189729	0.214278	0.233922	0.255224	0.277953	0.299174	0.319414	0.339305	0.360476	0.379956	0.399052	0.418663	0.437247	0.456384	0.475218	0.492534	0.509782	0.527625	0.543846	0.561425	0.577373	0.59373	0.609429	0.624664	0.640028	0.655254	0.669573	0.682526	0.697657	0.711278	0.723695	0.737091	0.749966	0.762805	0.772653	0.784097	0.792745	0.802258	0.810786	0.819412	0.826676	0.834113	0.839912	0.84612	0.852369	0.857397	0.862813	0.867899	0.872711	0.876948	0.881276	0.885093	0.888774	
1	0.024753	0.050779	0.075285	0.096791	0.122349	0.144997	0.166722	0.190326	0.212323	0.233942	0.257441	0.277465	0.299536	0.319048	0.339767	0.360134	0.379667	0.399367	0.418645	0.437266	0.457122	0.474601	0.493442	0.509712	0.527341	0.544539	0.55975	0.578089	0.593028	0.608726	0.62489	0.639212	0.655539	0.669409	0.68361	0.696917	0.710587	0.724862	0.737504	0.749931	0.762583	0.772969	0.783596	0.793359	0.802666	0.811245	0.819892	0.826529	0.833844	0.840025	0.846606	0.852377	0.857349	0.863443	0.867364	0.872961	0.876835	0.88189	0.884116	0.888734	
1	0.02375	0.050062	0.074256	0.096163	0.120805	0.143042	0.167157	0.190002	0.213458	0.235076	0.256044	0.277405	0.298844	0.318994	0.339315	0.360563	0.380965	0.398955	0.419131	0.437278	0.456006	0.473833	0.492105	0.510871	0.527468	0.543817	0.561262	0.57786	0.593601	0.609459	0.625117	0.639222	0.654969	0.669712	0.684001	0.697362	0.710883	0.724504	0.736943	0.749364	0.762622	0.772951	0.784124	0.793026	0.802388	0.8109	0.818917	0.826628	0.833339	0.839702	0.846689	0.852434	0.857511	0.862911	0.868143	0.872544	0.876696	0.881078	0.88536	0.889424	
1	0.024257	0.047998	0.073503	0.097142	0.122128	0.143236	0.166464	0.190788	0.21371	0.234949	0.255243	0.277804	0.297984	0.320418	0.340326	0.359274	0.380255	0.398525	0.418958	0.437594	0.456522	0.474598	0.492496	0.511018	0.52715	0.544988	0.560334	0.576881	0.593096	0.608387	0.625145	0.640328	0.654844	0.670335	0.684191	0.697185	0.711184	0.724665	0.737133	0.750035	0.761452	0.773186	0.783764	0.792864	0.802585	0.81092	0.818805	0.826088	0.833743	0.839768	0.846792	0.852022	0.857906	0.862293	0.867533	0.872883	0.877217	0.881186	0.884296	0.888855	
1	0.024921	0.049836	0.072278	0.098066	0.121316	0.143541	0.167327	0.190189	0.212371	0.234405	0.25628	0.277186	0.299214	0.318852	0.339575	0.360261	0.381078	0.399825	0.417787	0.43744	0.456071	0.474886	0.49223	0.510228	0.52665	0.544156	0.561642	0.577227	0.5938	0.60944	0.624203	0.64043	0.654515	0.6687	0.683435	0.697863	0.710483	0.724575	0.73847	0.75047	0.761749	0.77386	0.783153	0.793453	0.802896	0.810892	0.819594	0.82616	0.833032	0.84002	0.84623	0.852412	0.858548	0.862562	0.867209	0.872423	0.876638	0.881129	0.884824	0.889141	
1	0.02542	0.049784	0.073396	0.097589	0.120417	0.144058	0.167188	0.19002	0.212734	0.234295	0.256339	0.277001	0.297615	0.318342	0.340168	0.360396	0.379547	0.398018	0.418359	0.436944	0.456925	0.474053	0.492155	0.510216	0.527762	0.543901	0.561357	0.57661	0.59372	0.609196	0.624025	0.64055	0.654845	0.66894	0.683545	0.69744	0.711248	0.724287	0.736721	0.749984	0.761476	0.773553	0.783329	0.793243	0.802568	0.811197	0.819103	0.826439	0.833135	0.840129	0.846113	0.852706	0.857393	0.863588	0.868094	0.87222	0.877026	0.880637	0.885321	0.889082	
1	0.02382	0.049606	0.073048	0.097974	0.120694	0.144686	0.166861	0.190267	0.212009	0.235669	0.256512	0.278009	0.298534	0.318976	0.340858	0.358135	0.379637	0.400289	0.419175	0.437181	0.456387	0.473811	0.491912	0.509165	0.527842	0.54447	0.560806	0.576657	0.593316	0.609833	0.624801	0.640207	0.655197	0.669106	0.684424	0.697083	0.710512	0.724072	0.737476	0.749772	0.761569	0.77238	0.784316	0.793323	0.802657	0.810976	0.818204	0.825967	0.833885	0.840555	0.845852	0.852066	0.857725	0.863056	0.868119	0.872613	0.876883	0.880977	0.885011	0.889352	
1	0.025433	0.05119	0.072553	0.097355	0.12117	0.143877	0.168306	0.188705	0.212661	0.235051	0.256097	0.277811	0.298025	0.31866	0.339508	0.359152	0.379944	0.399439	0.418731	0.436963	0.456714	0.474313	0.492178	0.51002	0.527172	0.544215	0.561411	0.577781	0.593739	0.6103	0.624877	0.639443	0.655359	0.670043	0.683236	0.698046	0.71141	0.724543	0.737392	0.749943	0.761933	0.773232	0.783581	0.794098	0.802716	0.811225	0.818471	0.826043	0.833661	0.839941	0.845992	0.852518	0.857317	0.862972	0.867123	0.872396	0.876549	0.881154	0.885221	0.88832	
1	0.023716	0.049151	0.072893	0.098083	0.12136	0.145734	0.166373	0.190863	0.211924	0.234411	0.256339	0.277609	0.298253	0.31918	0.339125	0.360513	0.380736	0.399603	0.419149	0.437494	0.455024	0.474657	0.492751	0.509229	0.52701	0.544126	0.561213	0.577597	0.592744	0.60956	0.624762	0.640176	0.654927	0.669536	0.683525	0.698374	0.711224	0.725396	0.738253	0.749834	0.762041	0.772899	0.784439	0.793149	0.802097	0.810886	0.818662	0.826438	0.833459	0.839933	0.84588	0.851742	0.858112	0.862632	0.867773	0.872943	0.877027	0.880959	0.884679	0.888296	
1	0.023556	0.050476	0.074044	0.098766	0.121511	0.143361	0.168842	0.189812	0.212893	0.234432	0.256904	0.278852	0.298698	0.318595	0.340637	0.360018	0.379018	0.400278	0.41862	0.436203	0.456107	0.473171	0.492292	0.509702	0.526676	0.544014	0.560796	0.577513	0.593614	0.608695	0.624309	0.640324	0.654547	0.668945	0.684608	0.69725	0.711364	0.72491	0.737188	0.750505	0.761184	0.773014	0.782889	0.792887	0.802295	0.810817	0.819326	0.826305	0.832913	0.839946	0.846298	0.852193	0.857801	0.863097	0.867646	0.872708	0.876668	0.881651	0.884721	0.889172	
1	0.025069	0.049213	0.073636	0.098449	0.122151	0.144826	0.167987	0.190962	0.212335	0.23483	0.255382	0.278579	0.298915	0.319594	0.340249	0.359267	0.380774	0.400062	0.419458	0.437864	0.455931	0.474763	0.492644	0.509608	0.527098	0.54414	0.561498	0.576764	0.593384	0.609321	0.624676	0.639478	0.654556	0.669903	0.68455	0.69735	0.711783	0.723954	0.736926	0.749595	0.762979	0.77295	0.784044	0.79345	0.802304	0.811265	0.818784	0.826154	0.833639	0.840026	0.845688	0.852011	0.857473	0.862582	0.867873	0.872754	0.87703	0.881345	0.884561	0.88869	
1	0.025892	0.050042	0.073043	0.098695	0.120857	0.145158	0.16798	0.190123	0.213046	0.233826	0.255649	0.277521	0.299144	0.320104	0.339279	0.359778	0.379312	0.398853	0.417784	0.436955	0.455874	0.47548	0.493384	0.510882	0.52718	0.543262	0.561247	0.577839	0.593658	0.609106	0.624786	0.640567	0.654135	0.669418	0.683582	0.696477	0.711018	0.7249	0.73716	0.750209	0.761791	0.772827	0.784015	0.792908	0.802166	0.810911	0.81857	0.826957	0.833305	0.839127	0.845229	0.852106	0.857483	0.86306	0.867182	0.872609	0.876623	0.881251	0.885073	0.888553	
1	0.024445	0.050299	0.07317	0.096594	0.120015	0.144551	0.1675	0.190498	0.211899	0.234149	0.256453	0.276098	0.29805	0.3193	0.340136	0.359682	0.380588	0.400835	0.417446	0.437232	0.456593	0.47344	0.49159	0.510993	0.527722	0.544532	0.560905	0.57745	0.594128	0.609389	0.624932	0.639799	0.654879	0.668729	0.683118	0.69747	0.710017	0.724513	0.737938	0.749938	0.761459	0.772482	0.783508	0.792752	0.802465	0.810893	0.818504	0.825911	0.833141	0.840029	0.845845	0.851344	0.857774	0.863018	0.867454	0.872461	0.877028	0.881395	0.885409	0.889518	
1	0.025191	0.050108	0.074493	0.097372	0.121378	0.144357	0.167164	0.191222	0.212527	0.234608	0.255339	0.277317	0.298303	0.318793	0.340056	0.360178	0.38011	0.399674	0.418267	0.437248	0.456877	0.47431	0.492064	0.510194	0.527354	0.544736	0.561453	0.577153	0.594145	0.610104	0.625122	0.640475	0.655046	0.669068	0.684439	0.698034	0.711771	0.723569	0.738184	0.750159	0.761478	0.773537	0.783941	0.79358	0.802809	0.811045	0.818927	0.826423	0.833214	0.840236	0.846307	0.851712	0.857631	0.86202	0.867492	0.871779	0.876942	0.881682	0.884492	0.888037	
1	0.023944	0.049239	0.073663	0.096321	0.12123	0.144314	0.165643	0.188549	0.212513	0.234751	0.254823	0.278177	0.299287	0.318371	0.339838	0.360096	0.379901	0.399489	0.419268	0.437953	0.456739	0.473938	0.492086	0.511872	0.527253	0.544361	0.560749	0.577438	0.594146	0.60815	0.62494	0.640002	0.654081	0.66885	0.682571	0.697667	0.710839	0.724804	0.738106	0.750277	0.761883	0.773255	0.78375	0.793388	0.802529	0.811301	0.818694	0.826895	0.833162	0.839794	0.84587	0.852582	0.857497	0.863095	0.867833	0.873084	0.876781	0.881096	0.885138	0.888596	
1	0.02455	0.049533	0.07245	0.097809	0.120068	0.144078	0.166963	0.19048	0.21211	0.234625	0.255697	0.278808	0.297818	0.319677	0.339805	0.360233	0.379827	0.398501	0.419066	0.437593	0.456219	0.474431	0.49052	0.511155	0.526932	0.544169	0.561806	0.577067	0.59312	0.609026	0.624348	0.63951	0.654349	0.669487	0.683101	0.698033	0.711592	0.724325	0.737124	0.749943	0.762453	0.773867	0.784078	0.793315	0.801667	0.810889	0.818918	0.826585	0.834426	0.840052	0.846282	0.852254	0.857422	0.862515	0.867688	0.872436	0.876877	0.880939	0.885689	0.889249	
1	0.02657	0.050145	0.072886	0.097626	0.12069	0.143635	0.166568	0.189804	0.212013	0.234814	0.255782	0.276552	0.299062	0.319317	0.3412	0.359946	0.381139	0.399138	0.419243	0.437176	0.456125	0.473617	0.492043	0.510576	0.52735	0.544188	0.560259	0.577271	0.593583	0.610116	0.624522	0.639816	0.654532	0.669162	0.683115	0.697894	0.70981	0.72425	0.73688	0.750195	0.761881	0.773582	0.782983	0.793639	0.802559	0.810898	0.818999	0.826072	0.834154	0.840068	0.846652	0.851577	0.857253	0.863093	0.867155	0.872711	0.876982	0.880949	0.885494	0.889031	
1	0.02492	0.049103	0.073763	0.096659	0.121237	0.144898	0.167073	0.189508	0.213043	0.23469	0.256668	0.277422	0.298175	0.319114	0.339611	0.360032	0.379729	0.399186	0.418338	0.438218	0.456748	0.474656	0.493001	0.509964	0.527683	0.54337	0.56169	0.577846	0.594396	0.609513	0.624124	0.640663	0.654837	0.669714	0.683085	0.697397	0.711286	0.724121	0.737327	0.750015	0.761974	0.773412	0.783259	0.793828	0.802294	0.810451	0.818635	0.8259	0.832984	0.839772	0.846175	0.851877	0.857144	0.862755	0.867746	0.873178	0.876743	0.880917	0.88496	0.888533	
1	0.024	0.050484	0.07293	0.098053	0.121806	0.144631	0.166446	0.189092	0.212916	0.23341	0.256783	0.278244	0.298512	0.318436	0.340307	0.360384	0.378806	0.399018	0.419261	0.437651	0.456156	0.475177	0.492248	0.509966	0.526933	0.544642	0.561075	0.577099	0.593553	0.608693	0.624627	0.640272	0.654178	0.669898	0.683525	0.69715	0.71163	0.725472	0.737498	0.749073	0.762559	0.772553	0.783303	0.793136	0.80287	0.810531	0.819412	0.826937	0.833128	0.839921	0.845839	0.851527	0.857566	0.863136	0.868099	0.872752	0.877327	0.880985	0.885197	0.888911	
1	0.024441	0.05036	0.07294	0.096256	0.12132	0.144605	0.167648	0.190397	0.211452	0.234225	0.255419	0.277549	0.298236	0.319215	0.340249	0.359736	0.380342	0.399078	0.418003	0.437022	0.455388	0.474116	0.492978	0.509452	0.527084	0.543978	0.561094	0.577493	0.593325	0.608901	0.625102	0.639967	0.655239	0.669098	0.684008	0.697583	0.711258	0.724656	0.737233	0.749354	0.76246	0.773093	0.78397	0.793645	0.802893	0.811104	0.819048	0.825973	0.833384	0.840768	0.846641	0.851348	0.857426	0.862727	0.86759	0.872464	0.877027	0.880714	0.88529	0.889432	

0	1	0	0.0460539
0.05	0.0246477	0.000771931	0.578742
0.1	0.0498176	0.000720055	0.541079
0.15	0.0734121	0.000730445	0.506925
0.2	0.0974624	0.000778937	0.473256
0.25	0.121114	0.000692944	0.441274
0.3	0.144264	0.000691571	0.411053
0.35	0.16718	0.000725166	0.382194
0.4	0.190067	0.000691237	0.35442
0.45	0.212611	0.000663201	0.328086
0.5	0.234504	0.000504349	0.303485
0.55	0.256021	0.000659951	0.280241
0.6	0.277668	0.00067378	0.25779
0.65	0.298569	0.000540424	0.237003
0.7	0.31912	0.000533864	0.217416
0.75	0.339966	0.000541437	0.19841
0.8	0.359913	0.000575582	0.181038
0.85	0.380067	0.00064854	0.164294
0.9	0.399359	0.000663289	0.149026
0.95	0.418668	0.000569069	0.134492
1	0.437326	0.000424715	0.121154
1.05	0.456296	0.000506213	0.108309
1.1	0.474353	0.000596647	0.0967492
1.15	0.492333	0.000628334	0.0858878
1.2	0.51023	0.00069903	0.0757179
1.25	0.527264	0.000335887	0.0666332
1.3	0.544172	0.000414658	0.05819
1.35	0.561089	0.000510245	0.050315
1.4	0.57735	0.000412183	0.043284
1.45	0.593591	0.000409266	0.03679
1.5	0.609267	0.000559484	0.0310224
1.55	0.624699	0.000336299	0.0258245
1.6	0.640023	0.000444334	0.021134
1.65	0.654791	0.000409659	0.0170583
1.7	0.669381	0.000449439	0.0134601
1.75	0.68361	0.000605996	0.0103612
1.8	0.697512	0.000440236	0.00772424
1.85	0.711059	0.000531777	0.00552662
1.9	0.724504	0.000481473	0.00370837
1.95	0.737427	0.000491427	0.00230144
2	0.749928	0.000353477	0.00125825
2.05	0.762017	0.000509416	0.000546959
2.1	0.773113	0.000419578	0.000151107
2.15	0.783707	0.000434891	3.04933e-06
2.2	0.793289	0.000355967	6.23983e-05
2.25	0.802484	0.000301387	0.00029202
2.3	0.810957	0.000220208	0.000653282
2.35	0.818944	0.000408242	0.00112548
2.4	0.826354	0.000339286	0.0016775
2.45	0.833483	0.00042021	0.00231233
2.5	0.839986	0.000316251	0.00297995
2.55	0.846155	0.000386845	0.00369154
2.6	0.852059	0.000400831	0.00444381
2.65	0.857586	0.000316623	0.00521124
2.7	0.862868	0.000362212	0.00600177
2.75	0.867651	0.000326457	0.00676559
2.8	0.872632	0.000309771	0.00760975
2.85	0.876892	0.000197702	0.00837123
2.9	0.881161	0.000308181	0.00917052
2.95	0.884997	0.000404026	0.00992014
3	0.888885	0.000407839	0.0107097

