10**1	10**2	10**3	10**4	10**5	10**6	10**7	10**8
0.9	0.78	0.79	0.7886	0.7842	0.785308	0.785145	0.78541	
0.9	0.77	0.772	0.792	0.7867	0.785785	0.785311	0.785476	
0.7	0.77	0.784	0.7847	0.78485	0.785321	0.785552	0.785379	
0.9	0.79	0.774	0.7895	0.78492	0.785236	0.785399	0.785392	
0.8	0.78	0.78	0.7848	0.78228	0.785411	0.785413	0.785402	
0.9	0.83	0.788	0.7997	0.78858	0.785183	0.785227	0.785409	
0.9	0.87	0.788	0.7851	0.78216	0.784966	0.785478	0.785404	
0.6	0.81	0.786	0.7896	0.78481	0.785303	0.785561	0.785391	
0.7	0.78	0.797	0.7935	0.78744	0.784903	0.785336	0.785428	
0.5	0.8	0.802	0.7811	0.78683	0.78532	0.785348	0.785395	
0.9	0.76	0.782	0.7863	0.78611	0.784896	0.785598	0.785438	
0.6	0.8	0.771	0.7862	0.78427	0.784818	0.785408	0.785353	
0.6	0.82	0.802	0.7856	0.78813	0.78526	0.785393	0.78546	
1	0.71	0.785	0.7868	0.78573	0.785445	0.785284	0.785338	
0.6	0.8	0.802	0.7852	0.78522	0.785372	0.785508	0.785389	
0.9	0.75	0.79	0.7884	0.78653	0.785334	0.785435	0.78536	
0.8	0.75	0.774	0.7805	0.788	0.785491	0.785472	0.785424	
0.9	0.85	0.788	0.7849	0.7854	0.785704	0.785369	0.78544	
0.7	0.79	0.784	0.7902	0.78493	0.784675	0.785403	0.785398	
0.8	0.77	0.772	0.7903	0.78619	0.785768	0.785221	0.78543	

1e1	0.78	0.14	0.0196291
1e2	0.789	0.0354824	0.00127197
1e3	0.78555	0.00973383	9.47706e-05
1e4	0.78765	0.00424458	2.30873e-05
1e5	0.785664	0.00169448	2.94192e-06
1e6	0.785275	0.000296371	1.03017e-07
1e7	0.785393	0.000115764	1.34273e-08
1e8	0.785406	3.36679e-05	1.19053e-09
