6x6 (28 min)
T	<|m|>	B(T)
0.5	0.999999	0.999999
0.6	0.999995	0.999999
0.7	0.999978	0.999997
0.8	0.999906	0.99999
0.9	0.999716	0.999969
1	0.999271	0.999918
1.1	0.998451	0.999819
1.2	0.997005	0.999633
1.3	0.994788	0.999326
1.4	0.9914	0.998804
1.5	0.9865	0.99797
1.6	0.979474	0.996575
1.7	0.969899	0.994377
1.8	0.95666	0.990735
1.9	0.93799	0.984781
2	0.913121	0.975492
2.1	0.879673	0.961024
2.15	0.860359	0.951603
2.175	0.850174	0.946347
2.2	0.838282	0.94041
2.225	0.827416	0.934447
2.25	0.813575	0.926067
2.275	0.802788	0.920466
2.3	0.790064	0.91293
2.325	0.777042	0.904375
2.35	0.763603	0.895358
2.4	0.733708	0.874803
2.5	0.677157	0.830711
2.6	0.621355	0.78025
2.7	0.570436	0.726432
2.8	0.523852	0.670712
2.9	0.483685	0.615996
3	0.448851	0.56378
3.1	0.418893	0.51488
3.2	0.393514	0.470346
3.3	0.371623	0.430861
3.4	0.352557	0.394214
3.5	0.33637	0.362543
3.6	0.321983	0.334079
3.7	0.309515	0.308715
3.8	0.298623	0.286973
3.9	0.288853	0.267761
4	0.280011	0.248978
4.1	0.272183	0.233507
4.2	0.26519	0.220744
4.3	0.258796	0.208541
4.4	0.253109	0.197178
4.5	0.247952	0.188411
4.6	0.243012	0.178588
4.7	0.238463	0.170328
4.8	0.234656	0.164354
4.9	0.230802	0.157985
5	0.227148	0.149747

16x16 (58 min)
T	<|m|>	B(T)
0.5	0.999999	1
0.6	0.999996	0.999999
0.7	0.999977	0.999999
0.8	0.999907	0.999998
0.9	0.999708	0.999995
1	0.999275	0.999987
1.1	0.998442	0.999972
1.2	0.997017	0.999944
1.3	0.994777	0.999897
1.4	0.991399	0.999815
1.5	0.986509	0.99968
1.6	0.979605	0.99945
1.7	0.970062	0.999054
1.8	0.956893	0.998334
1.9	0.938295	0.996901
2	0.911184	0.993655
2.1	0.868705	0.985017
2.15	0.835915	0.975076
2.175	0.818018	0.968782
2.2	0.796453	0.960409
2.225	0.766423	0.946046
2.25	0.737842	0.931455
2.275	0.706534	0.913454
2.3	0.66963	0.888749
2.325	0.633636	0.862559
2.35	0.594528	0.830164
2.4	0.516866	0.752369
2.5	0.389091	0.574863
2.6	0.303293	0.412567
2.7	0.251	0.299553
2.8	0.214709	0.215635
2.9	0.190057	0.167319
3	0.171506	0.131432
3.1	0.157939	0.109751
3.2	0.146608	0.0900871
3.3	0.137568	0.0775161
3.4	0.130306	0.0668436
3.5	0.123923	0.0605915
3.6	0.118643	0.0518421
3.7	0.114304	0.0502891
3.8	0.110151	0.0450587
3.9	0.106631	0.0410638
4	0.103583	0.039854
4.1	0.100593	0.0343021
4.2	0.0983762	0.0324388
4.3	0.0958949	0.0303465
4.4	0.0937877	0.0285986
4.5	0.0917104	0.0262029
4.6	0.0902023	0.0261379
4.7	0.0885938	0.0236965
4.8	0.0870692	0.0246027
4.9	0.0857094	0.0224239
5	0.084616	0.0235844

32x32 (32 min)
T	<|m|>	B(T)
0.5	0.99999	0.999995
0.6	0.999987	0.999995
0.7	0.99997	0.999995
0.8	0.999895	0.999995
0.9	0.9997	0.999994
1	0.999264	0.999992
1.1	0.998426	0.999988
1.2	0.997001	0.999981
1.3	0.994769	0.999969
1.4	0.991365	0.999948
1.5	0.986454	0.999914
1.6	0.979614	0.999856
1.7	0.969986	0.999753
1.8	0.956822	0.999555
1.9	0.938266	0.99917
2	0.911534	0.998243
2.1	0.868663	0.995264
2.15	0.835169	0.990559
2.175	0.813005	0.985903
2.2	0.784464	0.978463
2.225	0.748914	0.96561
2.25	0.698397	0.941944
2.275	0.639661	0.907287
2.3	0.567969	0.852083
2.325	0.496089	0.781887
2.35	0.423923	0.689463
2.4	0.314264	0.497481
2.5	0.201058	0.245598
2.6	0.149775	0.127632
2.7	0.123218	0.0768484
2.8	0.105626	0.0477392
2.9	0.0941327	0.0606525
3	0.0851358	0.0377132
3.1	0.0782352	0.0237892
3.2	0.0728044	0.0224323
3.3	0.0685111	0.0186897
3.4	0.0649149	0.0167832
3.5	0.0618278	0.0198884
3.6	0.0590319	0.0129516
3.7	0.0570616	0.0093609
3.8	0.055012	0.0179572
3.9	0.0531354	0.0150217
4	0.0516283	0.0124137
4.1	0.0502635	0.00970227
4.2	0.04898	0.0109103
4.3	0.0477853	0.0147357
4.4	0.0468691	0.00835359
4.5	0.0459653	0.00985757
4.6	0.0449658	0.0121879
4.7	0.0442656	0.00667633
4.8	0.0433965	0.00550741
4.9	0.0428107	-0.00054831
5	0.0421955	0.00177333

64x64 (1 hra)
T	<|m|>	B(T)
0.5	0.99999	0.999995
0.6	0.999987	0.999995
0.7	0.999968	0.999995
0.8	0.999896	0.999995
0.9	0.9997	0.999995
1	0.999266	0.999994
1.1	0.998436	0.999993
1.2	0.997015	0.999992
1.3	0.994769	0.999989
1.4	0.991375	0.999983
1.5	0.986502	0.999975
1.6	0.979609	0.99996
1.7	0.970088	0.999934
1.8	0.956875	0.999886
1.9	0.938319	0.999789
2	0.911245	0.999546
2.1	0.868876	0.998748
2.15	0.835532	0.997405
2.175	0.813587	0.995833
2.2	0.784537	0.992445
2.225	0.744247	0.984517
2.25	0.677328	0.959839
2.275	0.572541	0.896395
2.3	0.432204	0.75484
2.325	0.317677	0.567869
2.35	0.238605	0.386011
2.4	0.15866	0.193867
2.5	0.0990266	0.0599668
2.6	0.0754931	0.0458426
2.7	0.0623814	0.0245063
2.8	0.0528588	0.011551
2.9	0.0466449	0.0101577
3	0.0425181	0.00777825
3.1	0.0390598	0.0047558
3.2	0.0363295	0.00220542
3.3	0.0342174	0.0112128
3.4	0.0325157	-0.00324266
3.5	0.0309402	-0.00352457
3.6	0.0295744	0.0141374
3.7	0.0285199	0.0100793
3.8	0.0273036	0.011706
3.9	0.0266009	0.0139642
4	0.0258052	0.0113963
4.1	0.0250664	0.000480669
4.2	0.0244449	0.00521097
4.3	0.0239522	0.00245813
4.4	0.0233898	0.00349027
4.5	0.0228521	0.000481302
4.6	0.0224496	-0.00941933
4.7	0.0220684	0.00784399
4.8	0.0217208	0.00869875
4.9	0.0214627	0.0115757
5	0.0209476	0.00363987

