Temperature 1 2.5 4 
-36 49372 3846 15 
-34 604 5751 34 
-32 24 5889 122 
-30 0 5279 274 
-28 0 4564 463 
-26 0 3723 738 
-24 0 3134 1078 
-22 0 2696 1535 
-20 0 2364 1971 
-18 0 1980 2587 
-16 0 1731 3156 
-14 0 1496 3661 
-12 0 1401 4122 
-10 0 1289 4574 
-8 0 1109 5100 
-6 0 1131 5423 
-4 0 1041 5773 
-2 0 1102 5985 
0 0 1069 5876 
2 0 1004 5943 
4 0 1052 5787 
6 0 1161 5407 
8 0 1213 5187 
10 0 1231 4700 
12 0 1327 4373 
14 0 1533 3744 
16 0 1783 3188 
18 0 1893 2612 
20 0 2217 2131 
22 0 2748 1635 
24 0 3215 1121 
26 0 3659 766 
28 0 4505 470 
30 0 5314 260 
32 25 5923 131 
34 611 5714 46 
36 49364 3913 12 

Temperature 1 2.5 4 
-256 45803 0 0 
-254 3893 0 0 
-252 280 0 0 
-250 22 0 0 
-248 2 0 0 
-246 0 1 0 
-244 0 1 0 
-242 0 1 0 
-240 0 3 0 
-238 0 6 0 
-236 0 5 0 
-234 0 8 0 
-232 0 7 0 
-230 0 16 0 
-228 0 19 0 
-226 0 35 0 
-224 0 34 0 
-222 0 66 0 
-220 0 63 0 
-218 0 79 0 
-216 0 83 0 
-214 0 145 0 
-212 0 120 0 
-210 0 138 0 
-208 0 156 0 
-206 0 181 0 
-204 0 212 0 
-202 0 209 0 
-200 0 229 0 
-198 0 248 0 
-196 0 264 0 
-194 0 273 0 
-192 0 302 0 
-190 0 313 0 
-188 0 354 0 
-186 0 355 0 
-184 0 374 0 
-182 0 377 0 
-180 0 406 0 
-178 0 419 0 
-176 0 409 0 
-174 0 392 0 
-172 0 441 0 
-170 0 410 0 
-168 0 497 0 
-166 0 444 0 
-164 0 442 0 
-162 0 469 0 
-160 0 480 0 
-158 0 480 0 
-156 0 508 0 
-154 0 525 0 
-152 0 481 0 
-150 0 506 0 
-148 0 528 0 
-146 0 504 0 
-144 0 502 0 
-142 0 529 0 
-140 0 535 0 
-138 0 542 0 
-136 0 498 0 
-134 0 527 0 
-132 0 507 0 
-130 0 539 0 
-128 0 562 0 
-126 0 544 0 
-124 0 579 1 
-122 0 550 0 
-120 0 531 2 
-118 0 527 0 
-116 0 526 3 
-114 0 530 3 
-112 0 535 3 
-110 0 554 4 
-108 0 570 8 
-106 0 557 9 
-104 0 517 12 
-102 0 564 24 
-100 0 524 24 
-98 0 485 29 
-96 0 538 26 
-94 0 517 31 
-92 0 527 40 
-90 0 552 52 
-88 0 524 66 
-86 0 528 66 
-84 0 486 93 
-82 0 478 106 
-80 0 486 128 
-78 0 522 136 
-76 0 527 181 
-74 0 503 205 
-72 0 526 219 
-70 0 499 254 
-68 0 533 273 
-66 0 513 335 
-64 0 475 390 
-62 0 564 414 
-60 0 529 506 
-58 0 520 566 
-56 0 478 653 
-54 0 529 690 
-52 0 547 754 
-50 0 507 850 
-48 0 471 922 
-46 0 497 950 
-44 0 437 1041 
-42 0 503 1181 
-40 0 447 1250 
-38 0 501 1309 
-36 0 503 1394 
-34 0 487 1503 
-32 0 496 1565 
-30 0 498 1685 
-28 0 470 1786 
-26 0 483 1788 
-24 0 473 1925 
-22 0 478 1983 
-20 0 487 2104 
-18 0 535 2127 
-16 0 490 2306 
-14 0 458 2287 
-12 0 478 2250 
-10 0 459 2346 
-8 0 463 2364 
-6 0 505 2322 
-4 0 467 2387 
-2 0 517 2377 
0 0 476 2406 
2 0 465 2371 
4 0 466 2284 
6 0 468 2406 
8 0 456 2285 
10 0 463 2257 
12 0 477 2216 
14 0 475 2124 
16 0 483 2160 
18 0 499 2025 
20 0 473 1955 
22 0 429 1912 
24 0 490 1818 
26 0 467 1753 
28 0 490 1654 
30 0 483 1576 
32 0 481 1549 
34 0 478 1358 
36 0 466 1270 
38 0 524 1150 
40 0 538 1073 
42 0 506 1055 
44 0 490 944 
46 0 490 925 
48 0 499 793 
50 0 498 714 
52 0 512 690 
54 0 496 596 
56 0 505 530 
58 0 526 476 
60 0 491 436 
62 0 493 392 
64 0 483 359 
66 0 481 319 
68 0 500 288 
70 0 507 232 
72 0 501 219 
74 0 524 170 
76 0 527 162 
78 0 524 120 
80 0 550 111 
82 0 513 90 
84 0 558 71 
86 0 558 72 
88 0 502 71 
90 0 555 44 
92 0 507 47 
94 0 485 26 
96 0 564 33 
98 0 493 27 
100 0 493 20 
102 0 585 15 
104 0 541 7 
106 0 547 4 
108 0 516 7 
110 0 539 8 
112 0 530 4 
114 0 506 6 
116 0 568 3 
118 0 536 0 
120 0 543 1 
122 0 538 1 
124 0 535 0 
126 0 556 0 
128 0 536 1 
130 0 556 1 
132 0 541 0 
134 0 545 0 
136 0 536 0 
138 0 533 0 
140 0 492 0 
142 0 543 0 
144 0 560 0 
146 0 518 0 
148 0 478 0 
150 0 517 0 
152 0 503 0 
154 0 532 0 
156 0 510 0 
158 0 506 0 
160 0 540 0 
162 0 472 0 
164 0 462 0 
166 0 425 0 
168 0 448 0 
170 0 456 0 
172 0 424 0 
174 0 431 0 
176 0 395 0 
178 0 402 0 
180 0 384 0 
182 0 352 0 
184 0 358 0 
186 0 331 0 
188 0 333 0 
190 0 322 0 
192 0 306 0 
194 0 287 0 
196 0 245 0 
198 0 236 0 
200 0 244 0 
202 0 207 0 
204 0 182 0 
206 0 175 0 
208 0 138 0 
210 0 127 0 
212 0 111 0 
214 0 102 0 
216 0 86 0 
218 0 69 0 
220 0 65 0 
222 0 50 0 
224 0 42 0 
226 0 29 0 
228 0 22 0 
230 0 21 0 
232 0 12 0 
234 0 8 0 
236 0 7 0 
238 0 5 0 
240 0 2 0 
242 0 0 0 
244 0 0 0 
246 0 0 0 
248 1 0 0 
250 24 0 0 
252 306 0 0 
254 3803 0 0 
256 45866 0 0 

Temperature 1 2.5 4 
-1024 34860 0 0 
-1022 12129 0 0 
-1020 2515 0 0 
-1018 415 0 0 
-1016 69 0 0 
-1014 9 0 0 
-1012 2 0 0 
-1010 0 0 0 
-1008 0 0 0 
-1006 0 0 0 
-1004 0 0 0 
-1002 0 0 0 
-1000 0 0 0 
-998 0 0 0 
-996 0 0 0 
-994 0 0 0 
-992 0 0 0 
-990 0 0 0 
-988 0 0 0 
-986 0 0 0 
-984 0 0 0 
-982 0 0 0 
-980 0 0 0 
-978 0 0 0 
-976 0 0 0 
-974 0 0 0 
-972 0 0 0 
-970 0 0 0 
-968 0 0 0 
-966 0 0 0 
-964 0 0 0 
-962 0 0 0 
-960 0 0 0 
-958 0 0 0 
-956 0 0 0 
-954 0 0 0 
-952 0 0 0 
-950 0 0 0 
-948 0 0 0 
-946 0 0 0 
-944 0 0 0 
-942 0 0 0 
-940 0 0 0 
-938 0 0 0 
-936 0 0 0 
-934 0 0 0 
-932 0 0 0 
-930 0 0 0 
-928 0 0 0 
-926 0 0 0 
-924 0 0 0 
-922 0 0 0 
-920 0 0 0 
-918 0 0 0 
-916 0 0 0 
-914 0 0 0 
-912 0 0 0 
-910 0 0 0 
-908 0 0 0 
-906 0 0 0 
-904 0 0 0 
-902 0 0 0 
-900 0 0 0 
-898 0 0 0 
-896 0 0 0 
-894 0 0 0 
-892 0 0 0 
-890 0 0 0 
-888 0 0 0 
-886 0 0 0 
-884 0 0 0 
-882 0 0 0 
-880 0 0 0 
-878 0 0 0 
-876 0 0 0 
-874 0 0 0 
-872 0 0 0 
-870 0 0 0 
-868 0 0 0 
-866 0 0 0 
-864 0 0 0 
-862 0 0 0 
-860 0 0 0 
-858 0 0 0 
-856 0 0 0 
-854 0 0 0 
-852 0 0 0 
-850 0 0 0 
-848 0 0 0 
-846 0 0 0 
-844 0 0 0 
-842 0 0 0 
-840 0 0 0 
-838 0 0 0 
-836 0 0 0 
-834 0 0 0 
-832 0 0 0 
-830 0 1 0 
-828 0 0 0 
-826 0 0 0 
-824 0 0 0 
-822 0 0 0 
-820 0 1 0 
-818 0 0 0 
-816 0 0 0 
-814 0 0 0 
-812 0 0 0 
-810 0 0 0 
-808 0 0 0 
-806 0 0 0 
-804 0 0 0 
-802 0 0 0 
-800 0 0 0 
-798 0 0 0 
-796 0 0 0 
-794 0 0 0 
-792 0 0 0 
-790 0 0 0 
-788 0 0 0 
-786 0 0 0 
-784 0 0 0 
-782 0 0 0 
-780 0 0 0 
-778 0 0 0 
-776 0 0 0 
-774 0 0 0 
-772 0 0 0 
-770 0 0 0 
-768 0 0 0 
-766 0 0 0 
-764 0 0 0 
-762 0 1 0 
-760 0 1 0 
-758 0 1 0 
-756 0 1 0 
-754 0 0 0 
-752 0 0 0 
-750 0 0 0 
-748 0 0 0 
-746 0 0 0 
-744 0 1 0 
-742 0 1 0 
-740 0 0 0 
-738 0 0 0 
-736 0 1 0 
-734 0 1 0 
-732 0 2 0 
-730 0 0 0 
-728 0 1 0 
-726 0 0 0 
-724 0 1 0 
-722 0 0 0 
-720 0 0 0 
-718 0 0 0 
-716 0 1 0 
-714 0 0 0 
-712 0 1 0 
-710 0 3 0 
-708 0 1 0 
-706 0 2 0 
-704 0 2 0 
-702 0 2 0 
-700 0 1 0 
-698 0 5 0 
-696 0 5 0 
-694 0 3 0 
-692 0 0 0 
-690 0 3 0 
-688 0 3 0 
-686 0 4 0 
-684 0 4 0 
-682 0 2 0 
-680 0 2 0 
-678 0 0 0 
-676 0 4 0 
-674 0 5 0 
-672 0 7 0 
-670 0 2 0 
-668 0 5 0 
-666 0 1 0 
-664 0 5 0 
-662 0 5 0 
-660 0 5 0 
-658 0 3 0 
-656 0 4 0 
-654 0 8 0 
-652 0 8 0 
-650 0 5 0 
-648 0 8 0 
-646 0 8 0 
-644 0 7 0 
-642 0 6 0 
-640 0 10 0 
-638 0 8 0 
-636 0 6 0 
-634 0 12 0 
-632 0 11 0 
-630 0 7 0 
-628 0 13 0 
-626 0 7 0 
-624 0 9 0 
-622 0 9 0 
-620 0 11 0 
-618 0 8 0 
-616 0 9 0 
-614 0 14 0 
-612 0 16 0 
-610 0 16 0 
-608 0 17 0 
-606 0 11 0 
-604 0 12 0 
-602 0 8 0 
-600 0 13 0 
-598 0 9 0 
-596 0 19 0 
-594 0 20 0 
-592 0 9 0 
-590 0 23 0 
-588 0 21 0 
-586 0 17 0 
-584 0 12 0 
-582 0 15 0 
-580 0 19 0 
-578 0 16 0 
-576 0 20 0 
-574 0 15 0 
-572 0 16 0 
-570 0 21 0 
-568 0 17 0 
-566 0 30 0 
-564 0 18 0 
-562 0 18 0 
-560 0 28 0 
-558 0 16 0 
-556 0 28 0 
-554 0 33 0 
-552 0 30 0 
-550 0 34 0 
-548 0 33 0 
-546 0 25 0 
-544 0 28 0 
-542 0 26 0 
-540 0 23 0 
-538 0 24 0 
-536 0 25 0 
-534 0 40 0 
-532 0 32 0 
-530 0 34 0 
-528 0 61 0 
-526 0 52 0 
-524 0 39 0 
-522 0 27 0 
-520 0 36 0 
-518 0 38 0 
-516 0 35 0 
-514 0 40 0 
-512 0 30 0 
-510 0 46 0 
-508 0 38 0 
-506 0 40 0 
-504 0 49 0 
-502 0 45 0 
-500 0 47 0 
-498 0 47 0 
-496 0 45 0 
-494 0 42 0 
-492 0 48 0 
-490 0 59 0 
-488 0 47 0 
-486 0 53 0 
-484 0 67 0 
-482 0 63 0 
-480 0 58 0 
-478 0 56 0 
-476 0 57 0 
-474 0 62 0 
-472 0 67 0 
-470 0 67 0 
-468 0 57 0 
-466 0 59 0 
-464 0 59 0 
-462 0 52 0 
-460 0 69 0 
-458 0 73 0 
-456 0 70 0 
-454 0 78 0 
-452 0 75 0 
-450 0 64 0 
-448 0 78 0 
-446 0 74 0 
-444 0 87 0 
-442 0 89 0 
-440 0 78 0 
-438 0 71 0 
-436 0 83 0 
-434 0 81 0 
-432 0 104 0 
-430 0 81 0 
-428 0 73 0 
-426 0 90 0 
-424 0 98 0 
-422 0 89 0 
-420 0 82 0 
-418 0 89 0 
-416 0 106 0 
-414 0 107 0 
-412 0 100 0 
-410 0 103 0 
-408 0 94 0 
-406 0 87 0 
-404 0 100 0 
-402 0 95 0 
-400 0 105 0 
-398 0 99 0 
-396 0 105 0 
-394 0 117 0 
-392 0 109 0 
-390 0 109 0 
-388 0 114 0 
-386 0 111 0 
-384 0 114 0 
-382 0 113 0 
-380 0 106 0 
-378 0 126 0 
-376 0 130 0 
-374 0 130 0 
-372 0 110 0 
-370 0 128 0 
-368 0 126 0 
-366 0 123 0 
-364 0 127 0 
-362 0 126 0 
-360 0 140 0 
-358 0 137 0 
-356 0 122 0 
-354 0 141 0 
-352 0 136 0 
-350 0 139 0 
-348 0 136 0 
-346 0 128 0 
-344 0 152 0 
-342 0 152 0 
-340 0 161 0 
-338 0 132 0 
-336 0 135 0 
-334 0 164 0 
-332 0 173 0 
-330 0 178 0 
-328 0 174 0 
-326 0 157 0 
-324 0 139 0 
-322 0 162 0 
-320 0 171 0 
-318 0 184 0 
-316 0 183 0 
-314 0 189 0 
-312 0 170 0 
-310 0 174 0 
-308 0 189 0 
-306 0 189 0 
-304 0 167 0 
-302 0 179 0 
-300 0 187 0 
-298 0 173 0 
-296 0 197 0 
-294 0 189 0 
-292 0 167 0 
-290 0 194 0 
-288 0 167 0 
-286 0 188 0 
-284 0 186 0 
-282 0 199 0 
-280 0 187 0 
-278 0 208 0 
-276 0 186 0 
-274 0 177 0 
-272 0 213 0 
-270 0 184 1 
-268 0 197 2 
-266 0 204 1 
-264 0 174 1 
-262 0 185 0 
-260 0 168 0 
-258 0 200 0 
-256 0 192 1 
-254 0 198 1 
-252 0 200 0 
-250 0 206 1 
-248 0 187 0 
-246 0 182 1 
-244 0 217 2 
-242 0 189 2 
-240 0 212 1 
-238 0 197 3 
-236 0 209 3 
-234 0 238 2 
-232 0 222 3 
-230 0 199 2 
-228 0 211 5 
-226 0 233 1 
-224 0 234 8 
-222 0 220 3 
-220 0 253 5 
-218 0 246 7 
-216 0 228 9 
-214 0 233 12 
-212 0 250 9 
-210 0 256 11 
-208 0 264 7 
-206 0 254 12 
-204 0 245 12 
-202 0 213 16 
-200 0 237 18 
-198 0 237 18 
-196 0 243 21 
-194 0 266 23 
-192 0 241 25 
-190 0 235 25 
-188 0 253 25 
-186 0 249 25 
-184 0 246 35 
-182 0 249 33 
-180 0 244 47 
-178 0 236 37 
-176 0 255 50 
-174 0 255 53 
-172 0 233 59 
-170 0 266 69 
-168 0 271 69 
-166 0 254 86 
-164 0 273 82 
-162 0 282 75 
-160 0 284 90 
-158 0 263 85 
-156 0 237 109 
-154 0 253 97 
-152 0 222 111 
-150 0 253 123 
-148 0 256 134 
-146 0 248 142 
-144 0 251 150 
-142 0 256 166 
-140 0 234 156 
-138 0 264 168 
-136 0 263 179 
-134 0 260 184 
-132 0 257 212 
-130 0 237 188 
-128 0 267 202 
-126 0 271 231 
-124 0 270 248 
-122 0 238 272 
-120 0 249 289 
-118 0 274 267 
-116 0 264 289 
-114 0 267 308 
-112 0 267 323 
-110 0 289 317 
-108 0 280 362 
-106 0 267 349 
-104 0 282 383 
-102 0 262 429 
-100 0 285 451 
-98 0 257 487 
-96 0 292 482 
-94 0 296 447 
-92 0 299 512 
-90 0 257 503 
-88 0 309 512 
-86 0 272 557 
-84 0 261 584 
-82 0 293 621 
-80 0 276 606 
-78 0 309 636 
-76 0 282 626 
-74 0 301 664 
-72 0 286 714 
-70 0 313 691 
-68 0 288 707 
-66 0 286 778 
-64 0 290 744 
-62 0 322 777 
-60 0 294 783 
-58 0 322 770 
-56 0 322 771 
-54 0 284 811 
-52 0 297 847 
-50 0 301 873 
-48 0 291 909 
-46 0 314 916 
-44 0 299 920 
-42 0 290 984 
-40 0 286 1012 
-38 0 297 1018 
-36 0 272 1002 
-34 0 305 1015 
-32 0 293 1041 
-30 0 301 1058 
-28 0 301 1097 
-26 0 297 1158 
-24 0 312 1133 
-22 0 276 1126 
-20 0 270 1121 
-18 0 294 1192 
-16 0 300 1119 
-14 0 310 1143 
-12 0 299 1131 
-10 0 298 1181 
-8 0 287 1139 
-6 0 308 1183 
-4 0 330 1180 
-2 0 297 1185 
0 0 317 1206 
2 0 272 1180 
4 0 302 1200 
6 0 295 1179 
8 0 256 1105 
10 0 269 1159 
12 0 298 1189 
14 0 291 1186 
16 0 308 1127 
18 0 279 1174 
20 0 311 1125 
22 0 279 1083 
24 0 330 1125 
26 0 296 1098 
28 0 291 1045 
30 0 295 1013 
32 0 284 940 
34 0 289 1002 
36 0 259 1005 
38 0 281 967 
40 0 294 1002 
42 0 299 1024 
44 0 286 958 
46 0 341 908 
48 0 274 930 
50 0 286 922 
52 0 294 937 
54 0 295 880 
56 0 273 814 
58 0 294 819 
60 0 280 827 
62 0 284 771 
64 0 281 773 
66 0 291 680 
68 0 290 692 
70 0 292 662 
72 0 285 617 
74 0 263 605 
76 0 284 621 
78 0 258 562 
80 0 263 553 
82 0 306 523 
84 0 303 493 
86 0 255 486 
88 0 273 470 
90 0 271 425 
92 0 243 450 
94 0 289 425 
96 0 267 405 
98 0 279 385 
100 0 279 370 
102 0 281 343 
104 0 269 320 
106 0 288 298 
108 0 282 284 
110 0 255 275 
112 0 280 268 
114 0 263 266 
116 0 288 265 
118 0 259 254 
120 0 267 223 
122 0 252 223 
124 0 273 205 
126 0 280 211 
128 0 241 189 
130 0 274 183 
132 0 265 163 
134 0 271 172 
136 0 278 170 
138 0 257 142 
140 0 265 140 
142 0 268 119 
144 0 240 132 
146 0 247 118 
148 0 263 113 
150 0 267 105 
152 0 244 100 
154 0 237 80 
156 0 254 81 
158 0 266 66 
160 0 247 63 
162 0 265 62 
164 0 265 60 
166 0 249 56 
168 0 235 45 
170 0 216 38 
172 0 246 54 
174 0 238 34 
176 0 275 43 
178 0 266 30 
180 0 228 31 
182 0 235 29 
184 0 260 28 
186 0 233 31 
188 0 238 23 
190 0 239 17 
192 0 237 13 
194 0 238 17 
196 0 232 12 
198 0 226 14 
200 0 228 15 
202 0 206 17 
204 0 248 15 
206 0 209 21 
208 0 208 8 
210 0 230 10 
212 0 228 13 
214 0 234 6 
216 0 230 6 
218 0 213 9 
220 0 221 7 
222 0 238 6 
224 0 216 6 
226 0 216 9 
228 0 211 8 
230 0 189 5 
232 0 210 3 
234 0 199 4 
236 0 200 3 
238 0 213 3 
240 0 198 4 
242 0 197 2 
244 0 220 3 
246 0 213 2 
248 0 223 1 
250 0 205 0 
252 0 198 1 
254 0 195 0 
256 0 202 0 
258 0 204 2 
260 0 192 1 
262 0 194 2 
264 0 185 2 
266 0 214 0 
268 0 170 1 
270 0 181 0 
272 0 195 0 
274 0 199 0 
276 0 212 0 
278 0 198 1 
280 0 203 0 
282 0 168 0 
284 0 164 0 
286 0 183 0 
288 0 169 0 
290 0 175 0 
292 0 155 0 
294 0 169 0 
296 0 171 0 
298 0 170 0 
300 0 172 0 
302 0 169 0 
304 0 171 0 
306 0 158 0 
308 0 170 0 
310 0 136 0 
312 0 160 0 
314 0 156 0 
316 0 172 0 
318 0 156 0 
320 0 138 0 
322 0 166 0 
324 0 156 0 
326 0 148 0 
328 0 139 0 
330 0 129 0 
332 0 125 0 
334 0 132 0 
336 0 148 0 
338 0 160 0 
340 0 148 0 
342 0 149 0 
344 0 159 0 
346 0 130 0 
348 0 148 0 
350 0 122 0 
352 0 123 0 
354 0 136 0 
356 0 125 0 
358 0 126 0 
360 0 115 0 
362 0 138 0 
364 0 128 0 
366 0 124 0 
368 0 137 0 
370 0 120 0 
372 0 139 0 
374 0 129 0 
376 0 115 0 
378 0 111 0 
380 0 107 0 
382 0 104 0 
384 0 116 0 
386 0 116 0 
388 0 119 0 
390 0 109 0 
392 0 116 0 
394 0 94 0 
396 0 91 0 
398 0 95 0 
400 0 98 0 
402 0 98 0 
404 0 99 0 
406 0 95 0 
408 0 94 0 
410 0 101 0 
412 0 69 0 
414 0 95 0 
416 0 82 0 
418 0 95 0 
420 0 100 0 
422 0 89 0 
424 0 81 0 
426 0 83 0 
428 0 92 0 
430 0 79 0 
432 0 73 0 
434 0 76 0 
436 0 84 0 
438 0 84 0 
440 0 74 0 
442 0 73 0 
444 0 87 0 
446 0 66 0 
448 0 71 0 
450 0 74 0 
452 0 70 0 
454 0 87 0 
456 0 76 0 
458 0 62 0 
460 0 63 0 
462 0 56 0 
464 0 71 0 
466 0 63 0 
468 0 76 0 
470 0 55 0 
472 0 70 0 
474 0 52 0 
476 0 48 0 
478 0 51 0 
480 0 56 0 
482 0 53 0 
484 0 56 0 
486 0 50 0 
488 0 61 0 
490 0 50 0 
492 0 60 0 
494 0 48 0 
496 0 55 0 
498 0 51 0 
500 0 47 0 
502 0 52 0 
504 0 43 0 
506 0 42 0 
508 0 50 0 
510 0 50 0 
512 0 52 0 
514 0 51 0 
516 0 50 0 
518 0 47 0 
520 0 30 0 
522 0 49 0 
524 0 37 0 
526 0 47 0 
528 0 39 0 
530 0 34 0 
532 0 41 0 
534 0 35 0 
536 0 43 0 
538 0 40 0 
540 0 32 0 
542 0 30 0 
544 0 46 0 
546 0 30 0 
548 0 24 0 
550 0 20 0 
552 0 33 0 
554 0 34 0 
556 0 21 0 
558 0 25 0 
560 0 27 0 
562 0 19 0 
564 0 29 0 
566 0 29 0 
568 0 25 0 
570 0 23 0 
572 0 23 0 
574 0 21 0 
576 0 19 0 
578 0 13 0 
580 0 14 0 
582 0 21 0 
584 0 19 0 
586 0 19 0 
588 0 21 0 
590 0 18 0 
592 0 15 0 
594 0 15 0 
596 0 13 0 
598 0 17 0 
600 0 17 0 
602 0 19 0 
604 0 12 0 
606 0 13 0 
608 0 8 0 
610 0 12 0 
612 0 18 0 
614 0 15 0 
616 0 14 0 
618 0 16 0 
620 0 17 0 
622 0 23 0 
624 0 13 0 
626 0 13 0 
628 0 7 0 
630 0 17 0 
632 0 12 0 
634 0 7 0 
636 0 7 0 
638 0 9 0 
640 0 6 0 
642 0 8 0 
644 0 5 0 
646 0 5 0 
648 0 8 0 
650 0 8 0 
652 0 10 0 
654 0 9 0 
656 0 9 0 
658 0 9 0 
660 0 11 0 
662 0 3 0 
664 0 9 0 
666 0 5 0 
668 0 4 0 
670 0 8 0 
672 0 2 0 
674 0 4 0 
676 0 2 0 
678 0 3 0 
680 0 4 0 
682 0 3 0 
684 0 6 0 
686 0 2 0 
688 0 3 0 
690 0 3 0 
692 0 3 0 
694 0 6 0 
696 0 2 0 
698 0 6 0 
700 0 1 0 
702 0 8 0 
704 0 2 0 
706 0 5 0 
708 0 3 0 
710 0 2 0 
712 0 3 0 
714 0 0 0 
716 0 0 0 
718 0 1 0 
720 0 1 0 
722 0 1 0 
724 0 1 0 
726 0 3 0 
728 0 1 0 
730 0 0 0 
732 0 1 0 
734 0 0 0 
736 0 0 0 
738 0 0 0 
740 0 2 0 
742 0 1 0 
744 0 2 0 
746 0 0 0 
748 0 0 0 
750 0 1 0 
752 0 0 0 
754 0 0 0 
756 0 0 0 
758 0 0 0 
760 0 0 0 
762 0 0 0 
764 0 1 0 
766 0 0 0 
768 0 0 0 
770 0 0 0 
772 0 0 0 
774 0 0 0 
776 0 0 0 
778 0 0 0 
780 0 1 0 
782 0 0 0 
784 0 0 0 
786 0 0 0 
788 0 0 0 
790 0 0 0 
792 0 0 0 
794 0 0 0 
796 0 1 0 
798 0 0 0 
800 0 0 0 
802 0 0 0 
804 0 1 0 
806 0 0 0 
808 0 0 0 
810 0 0 0 
812 0 0 0 
814 0 0 0 
816 0 0 0 
818 0 0 0 
820 0 0 0 
822 0 0 0 
824 0 0 0 
826 0 0 0 
828 0 0 0 
830 0 0 0 
832 0 0 0 
834 0 0 0 
836 0 0 0 
838 0 0 0 
840 0 0 0 
842 0 0 0 
844 0 0 0 
846 0 0 0 
848 0 0 0 
850 0 0 0 
852 0 0 0 
854 0 0 0 
856 0 0 0 
858 0 0 0 
860 0 0 0 
862 0 0 0 
864 0 0 0 
866 0 0 0 
868 0 0 0 
870 0 0 0 
872 0 0 0 
874 0 0 0 
876 0 0 0 
878 0 0 0 
880 0 0 0 
882 0 0 0 
884 0 0 0 
886 0 0 0 
888 0 0 0 
890 0 0 0 
892 0 0 0 
894 0 0 0 
896 0 0 0 
898 0 0 0 
900 0 0 0 
902 0 0 0 
904 0 0 0 
906 0 0 0 
908 0 0 0 
910 0 0 0 
912 0 0 0 
914 0 0 0 
916 0 0 0 
918 0 0 0 
920 0 0 0 
922 0 0 0 
924 0 0 0 
926 0 0 0 
928 0 0 0 
930 0 0 0 
932 0 0 0 
934 0 0 0 
936 0 0 0 
938 0 0 0 
940 0 0 0 
942 0 0 0 
944 0 0 0 
946 0 0 0 
948 0 0 0 
950 0 0 0 
952 0 0 0 
954 0 0 0 
956 0 0 0 
958 0 0 0 
960 0 0 0 
962 0 0 0 
964 0 0 0 
966 0 0 0 
968 0 0 0 
970 0 0 0 
972 0 0 0 
974 0 0 0 
976 0 0 0 
978 0 0 0 
980 0 0 0 
982 0 0 0 
984 0 0 0 
986 0 0 0 
988 0 0 0 
990 0 0 0 
992 0 0 0 
994 0 0 0 
996 0 0 0 
998 0 0 0 
1000 0 0 0 
1002 0 0 0 
1004 0 0 0 
1006 0 0 0 
1008 0 0 0 
1010 0 0 0 
1012 0 0 0 
1014 7 0 0 
1016 64 0 0 
1018 413 0 0 
1020 2513 0 0 
1022 12126 0 0 
1024 34878 0 0 

Temperature 1 2.5 4 
-4096 12102 0 0 
-4094 16363 0 0 
-4092 11962 0 0 
-4090 6026 0 0 
-4088 2410 0 0 
-4086 825 0 0 
-4084 227 0 0 
-4082 71 0 0 
-4080 12 0 0 
-4078 2 0 0 
-4076 2 0 0 
-4074 0 0 0 
-4072 0 0 0 
-4070 0 0 0 
-4068 0 0 0 
-4066 0 0 0 
-4064 0 0 0 
-4062 0 0 0 
-4060 0 0 0 
-4058 0 0 0 
-4056 0 0 0 
-4054 0 0 0 
-4052 0 0 0 
-4050 0 0 0 
-4048 0 0 0 
-4046 0 0 0 
-4044 0 0 0 
-4042 0 0 0 
-4040 0 0 0 
-4038 0 0 0 
-4036 0 0 0 
-4034 0 0 0 
-4032 0 0 0 
-4030 0 0 0 
-4028 0 0 0 
-4026 0 0 0 
-4024 0 0 0 
-4022 0 0 0 
-4020 0 0 0 
-4018 0 0 0 
-4016 0 0 0 
-4014 0 0 0 
-4012 0 0 0 
-4010 0 0 0 
-4008 0 0 0 
-4006 0 0 0 
-4004 0 0 0 
-4002 0 0 0 
-4000 0 0 0 
-3998 0 0 0 
-3996 0 0 0 
-3994 0 0 0 
-3992 0 0 0 
-3990 0 0 0 
-3988 0 0 0 
-3986 0 0 0 
-3984 0 0 0 
-3982 0 0 0 
-3980 0 0 0 
-3978 0 0 0 
-3976 0 0 0 
-3974 0 0 0 
-3972 0 0 0 
-3970 0 0 0 
-3968 0 0 0 
-3966 0 0 0 
-3964 0 0 0 
-3962 0 0 0 
-3960 0 0 0 
-3958 0 0 0 
-3956 0 0 0 
-3954 0 0 0 
-3952 0 0 0 
-3950 0 0 0 
-3948 0 0 0 
-3946 0 0 0 
-3944 0 0 0 
-3942 0 0 0 
-3940 0 0 0 
-3938 0 0 0 
-3936 0 0 0 
-3934 0 0 0 
-3932 0 0 0 
-3930 0 0 0 
-3928 0 0 0 
-3926 0 0 0 
-3924 0 0 0 
-3922 0 0 0 
-3920 0 0 0 
-3918 0 0 0 
-3916 0 0 0 
-3914 0 0 0 
-3912 0 0 0 
-3910 0 0 0 
-3908 0 0 0 
-3906 0 0 0 
-3904 0 0 0 
-3902 0 0 0 
-3900 0 0 0 
-3898 0 0 0 
-3896 0 0 0 
-3894 0 0 0 
-3892 0 0 0 
-3890 0 0 0 
-3888 0 0 0 
-3886 0 0 0 
-3884 0 0 0 
-3882 0 0 0 
-3880 0 0 0 
-3878 0 0 0 
-3876 0 0 0 
-3874 0 0 0 
-3872 0 0 0 
-3870 0 0 0 
-3868 0 0 0 
-3866 0 0 0 
-3864 0 0 0 
-3862 0 0 0 
-3860 0 0 0 
-3858 0 0 0 
-3856 0 0 0 
-3854 0 0 0 
-3852 0 0 0 
-3850 0 0 0 
-3848 0 0 0 
-3846 0 0 0 
-3844 0 0 0 
-3842 0 0 0 
-3840 0 0 0 
-3838 0 0 0 
-3836 0 0 0 
-3834 0 0 0 
-3832 0 0 0 
-3830 0 0 0 
-3828 0 0 0 
-3826 0 0 0 
-3824 0 0 0 
-3822 0 0 0 
-3820 0 0 0 
-3818 0 0 0 
-3816 0 0 0 
-3814 0 0 0 
-3812 0 0 0 
-3810 0 0 0 
-3808 0 0 0 
-3806 0 0 0 
-3804 0 0 0 
-3802 0 0 0 
-3800 0 0 0 
-3798 0 0 0 
-3796 0 0 0 
-3794 0 0 0 
-3792 0 0 0 
-3790 0 0 0 
-3788 0 0 0 
-3786 0 0 0 
-3784 0 0 0 
-3782 0 0 0 
-3780 0 0 0 
-3778 0 0 0 
-3776 0 0 0 
-3774 0 0 0 
-3772 0 0 0 
-3770 0 0 0 
-3768 0 0 0 
-3766 0 0 0 
-3764 0 0 0 
-3762 0 0 0 
-3760 0 0 0 
-3758 0 0 0 
-3756 0 0 0 
-3754 0 0 0 
-3752 0 0 0 
-3750 0 0 0 
-3748 0 0 0 
-3746 0 0 0 
-3744 0 0 0 
-3742 0 0 0 
-3740 0 0 0 
-3738 0 0 0 
-3736 0 0 0 
-3734 0 0 0 
-3732 0 0 0 
-3730 0 0 0 
-3728 0 0 0 
-3726 0 0 0 
-3724 0 0 0 
-3722 0 0 0 
-3720 0 0 0 
-3718 0 0 0 
-3716 0 0 0 
-3714 0 0 0 
-3712 0 0 0 
-3710 0 0 0 
-3708 0 0 0 
-3706 0 0 0 
-3704 0 0 0 
-3702 0 0 0 
-3700 0 0 0 
-3698 0 0 0 
-3696 0 0 0 
-3694 0 0 0 
-3692 0 0 0 
-3690 0 0 0 
-3688 0 0 0 
-3686 0 0 0 
-3684 0 0 0 
-3682 0 0 0 
-3680 0 0 0 
-3678 0 0 0 
-3676 0 0 0 
-3674 0 0 0 
-3672 0 0 0 
-3670 0 0 0 
-3668 0 0 0 
-3666 0 0 0 
-3664 0 0 0 
-3662 0 0 0 
-3660 0 0 0 
-3658 0 0 0 
-3656 0 0 0 
-3654 0 0 0 
-3652 0 0 0 
-3650 0 0 0 
-3648 0 0 0 
-3646 0 0 0 
-3644 0 0 0 
-3642 0 0 0 
-3640 0 0 0 
-3638 0 0 0 
-3636 0 0 0 
-3634 0 0 0 
-3632 0 0 0 
-3630 0 0 0 
-3628 0 0 0 
-3626 0 0 0 
-3624 0 0 0 
-3622 0 0 0 
-3620 0 0 0 
-3618 0 0 0 
-3616 0 0 0 
-3614 0 0 0 
-3612 0 0 0 
-3610 0 0 0 
-3608 0 0 0 
-3606 0 0 0 
-3604 0 0 0 
-3602 0 0 0 
-3600 0 0 0 
-3598 0 0 0 
-3596 0 0 0 
-3594 0 0 0 
-3592 0 0 0 
-3590 0 0 0 
-3588 0 0 0 
-3586 0 0 0 
-3584 0 0 0 
-3582 0 0 0 
-3580 0 0 0 
-3578 0 0 0 
-3576 0 0 0 
-3574 0 0 0 
-3572 0 0 0 
-3570 0 0 0 
-3568 0 0 0 
-3566 0 0 0 
-3564 0 0 0 
-3562 0 0 0 
-3560 0 0 0 
-3558 0 0 0 
-3556 0 0 0 
-3554 0 0 0 
-3552 0 0 0 
-3550 0 0 0 
-3548 0 0 0 
-3546 0 0 0 
-3544 0 0 0 
-3542 0 0 0 
-3540 0 0 0 
-3538 0 0 0 
-3536 0 0 0 
-3534 0 0 0 
-3532 0 0 0 
-3530 0 0 0 
-3528 0 0 0 
-3526 0 0 0 
-3524 0 0 0 
-3522 0 0 0 
-3520 0 0 0 
-3518 0 0 0 
-3516 0 0 0 
-3514 0 0 0 
-3512 0 0 0 
-3510 0 0 0 
-3508 0 0 0 
-3506 0 0 0 
-3504 0 0 0 
-3502 0 0 0 
-3500 0 0 0 
-3498 0 0 0 
-3496 0 0 0 
-3494 0 0 0 
-3492 0 0 0 
-3490 0 0 0 
-3488 0 0 0 
-3486 0 0 0 
-3484 0 0 0 
-3482 0 0 0 
-3480 0 0 0 
-3478 0 0 0 
-3476 0 0 0 
-3474 0 0 0 
-3472 0 0 0 
-3470 0 0 0 
-3468 0 0 0 
-3466 0 0 0 
-3464 0 0 0 
-3462 0 0 0 
-3460 0 0 0 
-3458 0 0 0 
-3456 0 0 0 
-3454 0 0 0 
-3452 0 0 0 
-3450 0 0 0 
-3448 0 0 0 
-3446 0 0 0 
-3444 0 0 0 
-3442 0 0 0 
-3440 0 0 0 
-3438 0 0 0 
-3436 0 0 0 
-3434 0 0 0 
-3432 0 0 0 
-3430 0 0 0 
-3428 0 0 0 
-3426 0 0 0 
-3424 0 0 0 
-3422 0 0 0 
-3420 0 0 0 
-3418 0 0 0 
-3416 0 0 0 
-3414 0 0 0 
-3412 0 0 0 
-3410 0 0 0 
-3408 0 0 0 
-3406 0 0 0 
-3404 0 0 0 
-3402 0 0 0 
-3400 0 0 0 
-3398 0 0 0 
-3396 0 0 0 
-3394 0 0 0 
-3392 0 0 0 
-3390 0 0 0 
-3388 0 0 0 
-3386 0 0 0 
-3384 0 0 0 
-3382 0 0 0 
-3380 0 0 0 
-3378 0 0 0 
-3376 0 0 0 
-3374 0 0 0 
-3372 0 0 0 
-3370 0 0 0 
-3368 0 0 0 
-3366 0 0 0 
-3364 0 0 0 
-3362 0 0 0 
-3360 0 0 0 
-3358 0 0 0 
-3356 0 0 0 
-3354 0 0 0 
-3352 0 0 0 
-3350 0 0 0 
-3348 0 0 0 
-3346 0 0 0 
-3344 0 0 0 
-3342 0 0 0 
-3340 0 0 0 
-3338 0 0 0 
-3336 0 0 0 
-3334 0 0 0 
-3332 0 0 0 
-3330 0 0 0 
-3328 0 0 0 
-3326 0 0 0 
-3324 0 0 0 
-3322 0 0 0 
-3320 0 0 0 
-3318 0 0 0 
-3316 0 0 0 
-3314 0 0 0 
-3312 0 0 0 
-3310 0 0 0 
-3308 0 0 0 
-3306 0 0 0 
-3304 0 0 0 
-3302 0 0 0 
-3300 0 0 0 
-3298 0 0 0 
-3296 0 0 0 
-3294 0 0 0 
-3292 0 0 0 
-3290 0 0 0 
-3288 0 0 0 
-3286 0 0 0 
-3284 0 0 0 
-3282 0 0 0 
-3280 0 0 0 
-3278 0 0 0 
-3276 0 0 0 
-3274 0 0 0 
-3272 0 0 0 
-3270 0 0 0 
-3268 0 0 0 
-3266 0 0 0 
-3264 0 0 0 
-3262 0 0 0 
-3260 0 0 0 
-3258 0 0 0 
-3256 0 0 0 
-3254 0 0 0 
-3252 0 0 0 
-3250 0 0 0 
-3248 0 0 0 
-3246 0 0 0 
-3244 0 0 0 
-3242 0 0 0 
-3240 0 0 0 
-3238 0 0 0 
-3236 0 0 0 
-3234 0 0 0 
-3232 0 0 0 
-3230 0 0 0 
-3228 0 0 0 
-3226 0 0 0 
-3224 0 0 0 
-3222 0 0 0 
-3220 0 0 0 
-3218 0 0 0 
-3216 0 0 0 
-3214 0 0 0 
-3212 0 0 0 
-3210 0 0 0 
-3208 0 0 0 
-3206 0 0 0 
-3204 0 0 0 
-3202 0 0 0 
-3200 0 0 0 
-3198 0 0 0 
-3196 0 0 0 
-3194 0 0 0 
-3192 0 0 0 
-3190 0 0 0 
-3188 0 0 0 
-3186 0 0 0 
-3184 0 0 0 
-3182 0 0 0 
-3180 0 0 0 
-3178 0 0 0 
-3176 0 0 0 
-3174 0 0 0 
-3172 0 0 0 
-3170 0 0 0 
-3168 0 0 0 
-3166 0 0 0 
-3164 0 0 0 
-3162 0 0 0 
-3160 0 0 0 
-3158 0 0 0 
-3156 0 0 0 
-3154 0 0 0 
-3152 0 0 0 
-3150 0 0 0 
-3148 0 0 0 
-3146 0 0 0 
-3144 0 0 0 
-3142 0 0 0 
-3140 0 0 0 
-3138 0 0 0 
-3136 0 0 0 
-3134 0 0 0 
-3132 0 0 0 
-3130 0 0 0 
-3128 0 0 0 
-3126 0 0 0 
-3124 0 0 0 
-3122 0 0 0 
-3120 0 0 0 
-3118 0 0 0 
-3116 0 0 0 
-3114 0 0 0 
-3112 0 0 0 
-3110 0 0 0 
-3108 0 0 0 
-3106 0 0 0 
-3104 0 0 0 
-3102 0 0 0 
-3100 0 0 0 
-3098 0 0 0 
-3096 0 0 0 
-3094 0 0 0 
-3092 0 0 0 
-3090 0 0 0 
-3088 0 0 0 
-3086 0 0 0 
-3084 0 0 0 
-3082 0 0 0 
-3080 0 0 0 
-3078 0 0 0 
-3076 0 0 0 
-3074 0 0 0 
-3072 0 0 0 
-3070 0 0 0 
-3068 0 0 0 
-3066 0 0 0 
-3064 0 0 0 
-3062 0 0 0 
-3060 0 0 0 
-3058 0 0 0 
-3056 0 0 0 
-3054 0 0 0 
-3052 0 0 0 
-3050 0 0 0 
-3048 0 0 0 
-3046 0 0 0 
-3044 0 0 0 
-3042 0 0 0 
-3040 0 0 0 
-3038 0 0 0 
-3036 0 0 0 
-3034 0 0 0 
-3032 0 0 0 
-3030 0 0 0 
-3028 0 0 0 
-3026 0 0 0 
-3024 0 0 0 
-3022 0 0 0 
-3020 0 0 0 
-3018 0 0 0 
-3016 0 0 0 
-3014 0 0 0 
-3012 0 0 0 
-3010 0 0 0 
-3008 0 0 0 
-3006 0 0 0 
-3004 0 0 0 
-3002 0 0 0 
-3000 0 0 0 
-2998 0 0 0 
-2996 0 0 0 
-2994 0 0 0 
-2992 0 0 0 
-2990 0 0 0 
-2988 0 0 0 
-2986 0 0 0 
-2984 0 0 0 
-2982 0 0 0 
-2980 0 0 0 
-2978 0 0 0 
-2976 0 0 0 
-2974 0 0 0 
-2972 0 0 0 
-2970 0 0 0 
-2968 0 0 0 
-2966 0 0 0 
-2964 0 0 0 
-2962 0 0 0 
-2960 0 0 0 
-2958 0 0 0 
-2956 0 0 0 
-2954 0 0 0 
-2952 0 0 0 
-2950 0 0 0 
-2948 0 0 0 
-2946 0 0 0 
-2944 0 0 0 
-2942 0 0 0 
-2940 0 0 0 
-2938 0 0 0 
-2936 0 0 0 
-2934 0 0 0 
-2932 0 0 0 
-2930 0 0 0 
-2928 0 0 0 
-2926 0 0 0 
-2924 0 0 0 
-2922 0 0 0 
-2920 0 0 0 
-2918 0 0 0 
-2916 0 0 0 
-2914 0 0 0 
-2912 0 0 0 
-2910 0 0 0 
-2908 0 0 0 
-2906 0 0 0 
-2904 0 0 0 
-2902 0 0 0 
-2900 0 0 0 
-2898 0 0 0 
-2896 0 0 0 
-2894 0 0 0 
-2892 0 0 0 
-2890 0 0 0 
-2888 0 0 0 
-2886 0 0 0 
-2884 0 0 0 
-2882 0 0 0 
-2880 0 0 0 
-2878 0 0 0 
-2876 0 0 0 
-2874 0 0 0 
-2872 0 0 0 
-2870 0 0 0 
-2868 0 0 0 
-2866 0 0 0 
-2864 0 0 0 
-2862 0 0 0 
-2860 0 0 0 
-2858 0 0 0 
-2856 0 0 0 
-2854 0 0 0 
-2852 0 0 0 
-2850 0 0 0 
-2848 0 0 0 
-2846 0 0 0 
-2844 0 0 0 
-2842 0 0 0 
-2840 0 0 0 
-2838 0 0 0 
-2836 0 0 0 
-2834 0 0 0 
-2832 0 0 0 
-2830 0 0 0 
-2828 0 0 0 
-2826 0 0 0 
-2824 0 0 0 
-2822 0 0 0 
-2820 0 0 0 
-2818 0 0 0 
-2816 0 0 0 
-2814 0 0 0 
-2812 0 0 0 
-2810 0 0 0 
-2808 0 0 0 
-2806 0 0 0 
-2804 0 0 0 
-2802 0 0 0 
-2800 0 0 0 
-2798 0 0 0 
-2796 0 0 0 
-2794 0 0 0 
-2792 0 0 0 
-2790 0 0 0 
-2788 0 0 0 
-2786 0 0 0 
-2784 0 0 0 
-2782 0 0 0 
-2780 0 0 0 
-2778 0 0 0 
-2776 0 0 0 
-2774 0 0 0 
-2772 0 0 0 
-2770 0 0 0 
-2768 0 0 0 
-2766 0 0 0 
-2764 0 0 0 
-2762 0 0 0 
-2760 0 0 0 
-2758 0 0 0 
-2756 0 0 0 
-2754 0 0 0 
-2752 0 0 0 
-2750 0 0 0 
-2748 0 0 0 
-2746 0 0 0 
-2744 0 0 0 
-2742 0 0 0 
-2740 0 0 0 
-2738 0 0 0 
-2736 0 0 0 
-2734 0 0 0 
-2732 0 0 0 
-2730 0 0 0 
-2728 0 0 0 
-2726 0 0 0 
-2724 0 0 0 
-2722 0 0 0 
-2720 0 0 0 
-2718 0 0 0 
-2716 0 0 0 
-2714 0 0 0 
-2712 0 0 0 
-2710 0 0 0 
-2708 0 0 0 
-2706 0 0 0 
-2704 0 0 0 
-2702 0 0 0 
-2700 0 0 0 
-2698 0 0 0 
-2696 0 0 0 
-2694 0 0 0 
-2692 0 0 0 
-2690 0 0 0 
-2688 0 0 0 
-2686 0 0 0 
-2684 0 0 0 
-2682 0 0 0 
-2680 0 0 0 
-2678 0 0 0 
-2676 0 0 0 
-2674 0 0 0 
-2672 0 0 0 
-2670 0 0 0 
-2668 0 0 0 
-2666 0 0 0 
-2664 0 0 0 
-2662 0 0 0 
-2660 0 0 0 
-2658 0 0 0 
-2656 0 0 0 
-2654 0 0 0 
-2652 0 0 0 
-2650 0 0 0 
-2648 0 0 0 
-2646 0 0 0 
-2644 0 0 0 
-2642 0 0 0 
-2640 0 0 0 
-2638 0 0 0 
-2636 0 0 0 
-2634 0 0 0 
-2632 0 0 0 
-2630 0 0 0 
-2628 0 0 0 
-2626 0 0 0 
-2624 0 0 0 
-2622 0 0 0 
-2620 0 0 0 
-2618 0 0 0 
-2616 0 0 0 
-2614 0 0 0 
-2612 0 0 0 
-2610 0 0 0 
-2608 0 0 0 
-2606 0 0 0 
-2604 0 0 0 
-2602 0 0 0 
-2600 0 0 0 
-2598 0 0 0 
-2596 0 0 0 
-2594 0 0 0 
-2592 0 0 0 
-2590 0 0 0 
-2588 0 0 0 
-2586 0 0 0 
-2584 0 0 0 
-2582 0 0 0 
-2580 0 0 0 
-2578 0 0 0 
-2576 0 0 0 
-2574 0 0 0 
-2572 0 0 0 
-2570 0 0 0 
-2568 0 0 0 
-2566 0 0 0 
-2564 0 0 0 
-2562 0 0 0 
-2560 0 0 0 
-2558 0 0 0 
-2556 0 0 0 
-2554 0 0 0 
-2552 0 0 0 
-2550 0 0 0 
-2548 0 0 0 
-2546 0 0 0 
-2544 0 0 0 
-2542 0 0 0 
-2540 0 0 0 
-2538 0 0 0 
-2536 0 0 0 
-2534 0 0 0 
-2532 0 0 0 
-2530 0 0 0 
-2528 0 0 0 
-2526 0 0 0 
-2524 0 0 0 
-2522 0 0 0 
-2520 0 0 0 
-2518 0 0 0 
-2516 0 0 0 
-2514 0 0 0 
-2512 0 0 0 
-2510 0 0 0 
-2508 0 0 0 
-2506 0 0 0 
-2504 0 0 0 
-2502 0 0 0 
-2500 0 0 0 
-2498 0 0 0 
-2496 0 0 0 
-2494 0 0 0 
-2492 0 0 0 
-2490 0 0 0 
-2488 0 0 0 
-2486 0 0 0 
-2484 0 0 0 
-2482 0 0 0 
-2480 0 0 0 
-2478 0 0 0 
-2476 0 0 0 
-2474 0 0 0 
-2472 0 0 0 
-2470 0 0 0 
-2468 0 0 0 
-2466 0 0 0 
-2464 0 0 0 
-2462 0 0 0 
-2460 0 0 0 
-2458 0 0 0 
-2456 0 0 0 
-2454 0 0 0 
-2452 0 0 0 
-2450 0 0 0 
-2448 0 0 0 
-2446 0 0 0 
-2444 0 0 0 
-2442 0 0 0 
-2440 0 0 0 
-2438 0 0 0 
-2436 0 0 0 
-2434 0 0 0 
-2432 0 0 0 
-2430 0 0 0 
-2428 0 0 0 
-2426 0 0 0 
-2424 0 0 0 
-2422 0 0 0 
-2420 0 0 0 
-2418 0 0 0 
-2416 0 0 0 
-2414 0 0 0 
-2412 0 0 0 
-2410 0 0 0 
-2408 0 0 0 
-2406 0 0 0 
-2404 0 0 0 
-2402 0 0 0 
-2400 0 0 0 
-2398 0 0 0 
-2396 0 0 0 
-2394 0 0 0 
-2392 0 0 0 
-2390 0 0 0 
-2388 0 0 0 
-2386 0 0 0 
-2384 0 0 0 
-2382 0 0 0 
-2380 0 0 0 
-2378 0 0 0 
-2376 0 0 0 
-2374 0 0 0 
-2372 0 0 0 
-2370 0 0 0 
-2368 0 0 0 
-2366 0 0 0 
-2364 0 0 0 
-2362 0 0 0 
-2360 0 0 0 
-2358 0 0 0 
-2356 0 0 0 
-2354 0 0 0 
-2352 0 0 0 
-2350 0 0 0 
-2348 0 0 0 
-2346 0 0 0 
-2344 0 0 0 
-2342 0 0 0 
-2340 0 0 0 
-2338 0 0 0 
-2336 0 0 0 
-2334 0 0 0 
-2332 0 0 0 
-2330 0 0 0 
-2328 0 0 0 
-2326 0 0 0 
-2324 0 0 0 
-2322 0 0 0 
-2320 0 0 0 
-2318 0 0 0 
-2316 0 0 0 
-2314 0 0 0 
-2312 0 0 0 
-2310 0 0 0 
-2308 0 0 0 
-2306 0 0 0 
-2304 0 0 0 
-2302 0 0 0 
-2300 0 0 0 
-2298 0 0 0 
-2296 0 0 0 
-2294 0 0 0 
-2292 0 0 0 
-2290 0 0 0 
-2288 0 0 0 
-2286 0 0 0 
-2284 0 0 0 
-2282 0 0 0 
-2280 0 0 0 
-2278 0 0 0 
-2276 0 0 0 
-2274 0 0 0 
-2272 0 0 0 
-2270 0 0 0 
-2268 0 0 0 
-2266 0 0 0 
-2264 0 0 0 
-2262 0 0 0 
-2260 0 0 0 
-2258 0 0 0 
-2256 0 0 0 
-2254 0 0 0 
-2252 0 0 0 
-2250 0 0 0 
-2248 0 0 0 
-2246 0 0 0 
-2244 0 0 0 
-2242 0 0 0 
-2240 0 0 0 
-2238 0 0 0 
-2236 0 0 0 
-2234 0 0 0 
-2232 0 0 0 
-2230 0 0 0 
-2228 0 0 0 
-2226 0 0 0 
-2224 0 0 0 
-2222 0 0 0 
-2220 0 0 0 
-2218 0 0 0 
-2216 0 0 0 
-2214 0 0 0 
-2212 0 0 0 
-2210 0 0 0 
-2208 0 0 0 
-2206 0 0 0 
-2204 0 0 0 
-2202 0 0 0 
-2200 0 0 0 
-2198 0 0 0 
-2196 0 0 0 
-2194 0 0 0 
-2192 0 0 0 
-2190 0 0 0 
-2188 0 0 0 
-2186 0 0 0 
-2184 0 0 0 
-2182 0 0 0 
-2180 0 0 0 
-2178 0 0 0 
-2176 0 0 0 
-2174 0 0 0 
-2172 0 0 0 
-2170 0 0 0 
-2168 0 0 0 
-2166 0 0 0 
-2164 0 0 0 
-2162 0 0 0 
-2160 0 0 0 
-2158 0 0 0 
-2156 0 0 0 
-2154 0 0 0 
-2152 0 0 0 
-2150 0 0 0 
-2148 0 0 0 
-2146 0 0 0 
-2144 0 0 0 
-2142 0 0 0 
-2140 0 0 0 
-2138 0 0 0 
-2136 0 0 0 
-2134 0 0 0 
-2132 0 0 0 
-2130 0 0 0 
-2128 0 0 0 
-2126 0 0 0 
-2124 0 0 0 
-2122 0 0 0 
-2120 0 0 0 
-2118 0 0 0 
-2116 0 0 0 
-2114 0 0 0 
-2112 0 0 0 
-2110 0 0 0 
-2108 0 0 0 
-2106 0 0 0 
-2104 0 0 0 
-2102 0 0 0 
-2100 0 0 0 
-2098 0 0 0 
-2096 0 0 0 
-2094 0 0 0 
-2092 0 0 0 
-2090 0 0 0 
-2088 0 0 0 
-2086 0 0 0 
-2084 0 0 0 
-2082 0 0 0 
-2080 0 0 0 
-2078 0 0 0 
-2076 0 0 0 
-2074 0 0 0 
-2072 0 0 0 
-2070 0 0 0 
-2068 0 0 0 
-2066 0 0 0 
-2064 0 0 0 
-2062 0 0 0 
-2060 0 0 0 
-2058 0 0 0 
-2056 0 0 0 
-2054 0 0 0 
-2052 0 0 0 
-2050 0 0 0 
-2048 0 0 0 
-2046 0 0 0 
-2044 0 0 0 
-2042 0 0 0 
-2040 0 0 0 
-2038 0 0 0 
-2036 0 0 0 
-2034 0 0 0 
-2032 0 0 0 
-2030 0 0 0 
-2028 0 0 0 
-2026 0 0 0 
-2024 0 0 0 
-2022 0 0 0 
-2020 0 0 0 
-2018 0 0 0 
-2016 0 0 0 
-2014 0 0 0 
-2012 0 0 0 
-2010 0 0 0 
-2008 0 0 0 
-2006 0 0 0 
-2004 0 0 0 
-2002 0 0 0 
-2000 0 0 0 
-1998 0 0 0 
-1996 0 0 0 
-1994 0 0 0 
-1992 0 0 0 
-1990 0 0 0 
-1988 0 0 0 
-1986 0 0 0 
-1984 0 0 0 
-1982 0 0 0 
-1980 0 0 0 
-1978 0 0 0 
-1976 0 0 0 
-1974 0 0 0 
-1972 0 0 0 
-1970 0 0 0 
-1968 0 0 0 
-1966 0 0 0 
-1964 0 0 0 
-1962 0 0 0 
-1960 0 0 0 
-1958 0 0 0 
-1956 0 0 0 
-1954 0 0 0 
-1952 0 0 0 
-1950 0 0 0 
-1948 0 0 0 
-1946 0 0 0 
-1944 0 0 0 
-1942 0 0 0 
-1940 0 0 0 
-1938 0 0 0 
-1936 0 0 0 
-1934 0 0 0 
-1932 0 0 0 
-1930 0 0 0 
-1928 0 0 0 
-1926 0 0 0 
-1924 0 0 0 
-1922 0 0 0 
-1920 0 0 0 
-1918 0 0 0 
-1916 0 0 0 
-1914 0 0 0 
-1912 0 0 0 
-1910 0 0 0 
-1908 0 0 0 
-1906 0 0 0 
-1904 0 0 0 
-1902 0 0 0 
-1900 0 0 0 
-1898 0 0 0 
-1896 0 0 0 
-1894 0 0 0 
-1892 0 0 0 
-1890 0 0 0 
-1888 0 0 0 
-1886 0 0 0 
-1884 0 0 0 
-1882 0 0 0 
-1880 0 0 0 
-1878 0 0 0 
-1876 0 0 0 
-1874 0 0 0 
-1872 0 0 0 
-1870 0 0 0 
-1868 0 0 0 
-1866 0 0 0 
-1864 0 0 0 
-1862 0 0 0 
-1860 0 0 0 
-1858 0 0 0 
-1856 0 0 0 
-1854 0 0 0 
-1852 0 0 0 
-1850 0 0 0 
-1848 0 0 0 
-1846 0 0 0 
-1844 0 0 0 
-1842 0 0 0 
-1840 0 0 0 
-1838 0 0 0 
-1836 0 0 0 
-1834 0 0 0 
-1832 0 0 0 
-1830 0 1 0 
-1828 0 0 0 
-1826 0 0 0 
-1824 0 0 0 
-1822 0 0 0 
-1820 0 0 0 
-1818 0 0 0 
-1816 0 0 0 
-1814 0 0 0 
-1812 0 0 0 
-1810 0 1 0 
-1808 0 0 0 
-1806 0 0 0 
-1804 0 0 0 
-1802 0 0 0 
-1800 0 0 0 
-1798 0 0 0 
-1796 0 0 0 
-1794 0 0 0 
-1792 0 0 0 
-1790 0 2 0 
-1788 0 0 0 
-1786 0 0 0 
-1784 0 0 0 
-1782 0 0 0 
-1780 0 0 0 
-1778 0 2 0 
-1776 0 0 0 
-1774 0 1 0 
-1772 0 0 0 
-1770 0 0 0 
-1768 0 0 0 
-1766 0 0 0 
-1764 0 0 0 
-1762 0 0 0 
-1760 0 0 0 
-1758 0 0 0 
-1756 0 2 0 
-1754 0 0 0 
-1752 0 0 0 
-1750 0 0 0 
-1748 0 0 0 
-1746 0 0 0 
-1744 0 0 0 
-1742 0 0 0 
-1740 0 0 0 
-1738 0 1 0 
-1736 0 0 0 
-1734 0 0 0 
-1732 0 1 0 
-1730 0 0 0 
-1728 0 1 0 
-1726 0 1 0 
-1724 0 0 0 
-1722 0 0 0 
-1720 0 0 0 
-1718 0 1 0 
-1716 0 1 0 
-1714 0 0 0 
-1712 0 0 0 
-1710 0 1 0 
-1708 0 1 0 
-1706 0 0 0 
-1704 0 1 0 
-1702 0 0 0 
-1700 0 0 0 
-1698 0 1 0 
-1696 0 2 0 
-1694 0 2 0 
-1692 0 1 0 
-1690 0 2 0 
-1688 0 0 0 
-1686 0 1 0 
-1684 0 0 0 
-1682 0 0 0 
-1680 0 2 0 
-1678 0 2 0 
-1676 0 2 0 
-1674 0 0 0 
-1672 0 0 0 
-1670 0 0 0 
-1668 0 0 0 
-1666 0 0 0 
-1664 0 0 0 
-1662 0 0 0 
-1660 0 0 0 
-1658 0 0 0 
-1656 0 0 0 
-1654 0 0 0 
-1652 0 0 0 
-1650 0 1 0 
-1648 0 0 0 
-1646 0 1 0 
-1644 0 1 0 
-1642 0 0 0 
-1640 0 0 0 
-1638 0 1 0 
-1636 0 1 0 
-1634 0 1 0 
-1632 0 0 0 
-1630 0 0 0 
-1628 0 0 0 
-1626 0 0 0 
-1624 0 0 0 
-1622 0 0 0 
-1620 0 1 0 
-1618 0 1 0 
-1616 0 1 0 
-1614 0 1 0 
-1612 0 0 0 
-1610 0 1 0 
-1608 0 1 0 
-1606 0 0 0 
-1604 0 0 0 
-1602 0 1 0 
-1600 0 2 0 
-1598 0 0 0 
-1596 0 1 0 
-1594 0 2 0 
-1592 0 0 0 
-1590 0 1 0 
-1588 0 0 0 
-1586 0 2 0 
-1584 0 1 0 
-1582 0 3 0 
-1580 0 2 0 
-1578 0 3 0 
-1576 0 0 0 
-1574 0 2 0 
-1572 0 1 0 
-1570 0 2 0 
-1568 0 1 0 
-1566 0 0 0 
-1564 0 0 0 
-1562 0 1 0 
-1560 0 2 0 
-1558 0 0 0 
-1556 0 2 0 
-1554 0 4 0 
-1552 0 4 0 
-1550 0 1 0 
-1548 0 2 0 
-1546 0 1 0 
-1544 0 2 0 
-1542 0 1 0 
-1540 0 3 0 
-1538 0 1 0 
-1536 0 3 0 
-1534 0 3 0 
-1532 0 1 0 
-1530 0 3 0 
-1528 0 2 0 
-1526 0 0 0 
-1524 0 1 0 
-1522 0 0 0 
-1520 0 1 0 
-1518 0 1 0 
-1516 0 0 0 
-1514 0 0 0 
-1512 0 1 0 
-1510 0 0 0 
-1508 0 2 0 
-1506 0 2 0 
-1504 0 1 0 
-1502 0 2 0 
-1500 0 0 0 
-1498 0 2 0 
-1496 0 2 0 
-1494 0 3 0 
-1492 0 2 0 
-1490 0 2 0 
-1488 0 1 0 
-1486 0 2 0 
-1484 0 1 0 
-1482 0 0 0 
-1480 0 1 0 
-1478 0 1 0 
-1476 0 2 0 
-1474 0 2 0 
-1472 0 3 0 
-1470 0 1 0 
-1468 0 3 0 
-1466 0 2 0 
-1464 0 2 0 
-1462 0 0 0 
-1460 0 0 0 
-1458 0 3 0 
-1456 0 1 0 
-1454 0 1 0 
-1452 0 3 0 
-1450 0 2 0 
-1448 0 4 0 
-1446 0 5 0 
-1444 0 2 0 
-1442 0 3 0 
-1440 0 1 0 
-1438 0 2 0 
-1436 0 2 0 
-1434 0 4 0 
-1432 0 2 0 
-1430 0 1 0 
-1428 0 1 0 
-1426 0 3 0 
-1424 0 2 0 
-1422 0 4 0 
-1420 0 1 0 
-1418 0 2 0 
-1416 0 1 0 
-1414 0 2 0 
-1412 0 1 0 
-1410 0 1 0 
-1408 0 2 0 
-1406 0 2 0 
-1404 0 5 0 
-1402 0 0 0 
-1400 0 4 0 
-1398 0 3 0 
-1396 0 0 0 
-1394 0 1 0 
-1392 0 4 0 
-1390 0 3 0 
-1388 0 2 0 
-1386 0 1 0 
-1384 0 1 0 
-1382 0 1 0 
-1380 0 3 0 
-1378 0 3 0 
-1376 0 3 0 
-1374 0 4 0 
-1372 0 4 0 
-1370 0 4 0 
-1368 0 4 0 
-1366 0 3 0 
-1364 0 2 0 
-1362 0 6 0 
-1360 0 4 0 
-1358 0 2 0 
-1356 0 4 0 
-1354 0 4 0 
-1352 0 8 0 
-1350 0 6 0 
-1348 0 2 0 
-1346 0 2 0 
-1344 0 5 0 
-1342 0 7 0 
-1340 0 7 0 
-1338 0 10 0 
-1336 0 4 0 
-1334 0 5 0 
-1332 0 5 0 
-1330 0 4 0 
-1328 0 5 0 
-1326 0 3 0 
-1324 0 6 0 
-1322 0 4 0 
-1320 0 9 0 
-1318 0 4 0 
-1316 0 7 0 
-1314 0 7 0 
-1312 0 9 0 
-1310 0 6 0 
-1308 0 4 0 
-1306 0 7 0 
-1304 0 4 0 
-1302 0 6 0 
-1300 0 5 0 
-1298 0 12 0 
-1296 0 13 0 
-1294 0 7 0 
-1292 0 7 0 
-1290 0 7 0 
-1288 0 10 0 
-1286 0 7 0 
-1284 0 5 0 
-1282 0 6 0 
-1280 0 6 0 
-1278 0 10 0 
-1276 0 5 0 
-1274 0 9 0 
-1272 0 7 0 
-1270 0 10 0 
-1268 0 8 0 
-1266 0 9 0 
-1264 0 3 0 
-1262 0 3 0 
-1260 0 7 0 
-1258 0 10 0 
-1256 0 9 0 
-1254 0 5 0 
-1252 0 9 0 
-1250 0 6 0 
-1248 0 2 0 
-1246 0 4 0 
-1244 0 3 0 
-1242 0 8 0 
-1240 0 2 0 
-1238 0 4 0 
-1236 0 4 0 
-1234 0 5 0 
-1232 0 6 0 
-1230 0 6 0 
-1228 0 5 0 
-1226 0 6 0 
-1224 0 3 0 
-1222 0 5 0 
-1220 0 8 0 
-1218 0 2 0 
-1216 0 7 0 
-1214 0 6 0 
-1212 0 6 0 
-1210 0 8 0 
-1208 0 10 0 
-1206 0 9 0 
-1204 0 6 0 
-1202 0 6 0 
-1200 0 9 0 
-1198 0 12 0 
-1196 0 8 0 
-1194 0 12 0 
-1192 0 11 0 
-1190 0 12 0 
-1188 0 12 0 
-1186 0 9 0 
-1184 0 10 0 
-1182 0 10 0 
-1180 0 19 0 
-1178 0 13 0 
-1176 0 16 0 
-1174 0 13 0 
-1172 0 9 0 
-1170 0 8 0 
-1168 0 5 0 
-1166 0 7 0 
-1164 0 10 0 
-1162 0 7 0 
-1160 0 12 0 
-1158 0 8 0 
-1156 0 18 0 
-1154 0 17 0 
-1152 0 12 0 
-1150 0 13 0 
-1148 0 9 0 
-1146 0 23 0 
-1144 0 21 0 
-1142 0 12 0 
-1140 0 10 0 
-1138 0 14 0 
-1136 0 10 0 
-1134 0 16 0 
-1132 0 14 0 
-1130 0 16 0 
-1128 0 16 0 
-1126 0 14 0 
-1124 0 15 0 
-1122 0 14 0 
-1120 0 14 0 
-1118 0 17 0 
-1116 0 16 0 
-1114 0 13 0 
-1112 0 17 0 
-1110 0 22 0 
-1108 0 16 0 
-1106 0 11 0 
-1104 0 11 0 
-1102 0 15 0 
-1100 0 25 0 
-1098 0 18 0 
-1096 0 13 0 
-1094 0 14 0 
-1092 0 18 0 
-1090 0 15 0 
-1088 0 16 0 
-1086 0 15 0 
-1084 0 15 0 
-1082 0 11 0 
-1080 0 14 0 
-1078 0 14 0 
-1076 0 20 0 
-1074 0 21 0 
-1072 0 19 0 
-1070 0 20 0 
-1068 0 14 0 
-1066 0 18 0 
-1064 0 21 0 
-1062 0 19 0 
-1060 0 13 0 
-1058 0 22 0 
-1056 0 17 0 
-1054 0 19 0 
-1052 0 26 0 
-1050 0 25 0 
-1048 0 18 0 
-1046 0 15 0 
-1044 0 20 0 
-1042 0 22 0 
-1040 0 25 0 
-1038 0 22 0 
-1036 0 21 0 
-1034 0 27 0 
-1032 0 21 0 
-1030 0 20 0 
-1028 0 12 0 
-1026 0 25 0 
-1024 0 19 0 
-1022 0 23 0 
-1020 0 22 0 
-1018 0 29 0 
-1016 0 38 0 
-1014 0 22 0 
-1012 0 24 0 
-1010 0 15 0 
-1008 0 24 0 
-1006 0 12 0 
-1004 0 29 0 
-1002 0 22 0 
-1000 0 16 0 
-998 0 16 0 
-996 0 14 0 
-994 0 25 0 
-992 0 25 0 
-990 0 20 0 
-988 0 16 0 
-986 0 23 0 
-984 0 35 0 
-982 0 25 0 
-980 0 28 0 
-978 0 22 0 
-976 0 21 0 
-974 0 24 0 
-972 0 24 0 
-970 0 27 0 
-968 0 33 0 
-966 0 49 0 
-964 0 30 0 
-962 0 38 0 
-960 0 28 0 
-958 0 29 0 
-956 0 32 0 
-954 0 25 0 
-952 0 33 0 
-950 0 36 0 
-948 0 43 0 
-946 0 40 0 
-944 0 43 0 
-942 0 26 0 
-940 0 35 0 
-938 0 30 0 
-936 0 28 0 
-934 0 31 0 
-932 0 33 0 
-930 0 35 0 
-928 0 43 0 
-926 0 30 0 
-924 0 35 0 
-922 0 48 0 
-920 0 39 0 
-918 0 35 0 
-916 0 25 0 
-914 0 24 0 
-912 0 30 0 
-910 0 39 0 
-908 0 38 0 
-906 0 31 0 
-904 0 34 0 
-902 0 29 0 
-900 0 41 0 
-898 0 39 0 
-896 0 32 0 
-894 0 44 0 
-892 0 33 0 
-890 0 41 0 
-888 0 36 0 
-886 0 32 0 
-884 0 42 0 
-882 0 34 0 
-880 0 33 0 
-878 0 38 0 
-876 0 35 0 
-874 0 35 0 
-872 0 36 0 
-870 0 43 0 
-868 0 32 0 
-866 0 35 0 
-864 0 35 0 
-862 0 43 0 
-860 0 32 0 
-858 0 39 0 
-856 0 46 0 
-854 0 49 0 
-852 0 32 0 
-850 0 33 0 
-848 0 32 0 
-846 0 33 0 
-844 0 36 0 
-842 0 50 0 
-840 0 42 0 
-838 0 36 0 
-836 0 43 0 
-834 0 40 0 
-832 0 38 0 
-830 0 39 0 
-828 0 39 0 
-826 0 37 0 
-824 0 44 0 
-822 0 41 0 
-820 0 45 0 
-818 0 40 0 
-816 0 47 0 
-814 0 39 0 
-812 0 54 0 
-810 0 45 0 
-808 0 45 0 
-806 0 32 0 
-804 0 56 0 
-802 0 44 0 
-800 0 49 0 
-798 0 47 0 
-796 0 31 0 
-794 0 43 0 
-792 0 34 0 
-790 0 53 0 
-788 0 57 0 
-786 0 50 0 
-784 0 46 0 
-782 0 40 0 
-780 0 57 0 
-778 0 55 0 
-776 0 42 0 
-774 0 53 0 
-772 0 54 0 
-770 0 47 0 
-768 0 52 0 
-766 0 51 0 
-764 0 41 0 
-762 0 58 0 
-760 0 61 0 
-758 0 54 0 
-756 0 54 0 
-754 0 46 0 
-752 0 36 0 
-750 0 57 0 
-748 0 55 0 
-746 0 58 0 
-744 0 57 0 
-742 0 59 0 
-740 0 54 0 
-738 0 66 0 
-736 0 60 0 
-734 0 63 0 
-732 0 62 0 
-730 0 79 0 
-728 0 67 0 
-726 0 57 0 
-724 0 65 0 
-722 0 58 0 
-720 0 58 0 
-718 0 56 0 
-716 0 68 0 
-714 0 63 0 
-712 0 61 0 
-710 0 82 0 
-708 0 64 0 
-706 0 52 0 
-704 0 76 0 
-702 0 73 0 
-700 0 78 0 
-698 0 63 0 
-696 0 61 0 
-694 0 67 0 
-692 0 50 0 
-690 0 58 0 
-688 0 72 0 
-686 0 54 0 
-684 0 72 0 
-682 0 61 0 
-680 0 47 0 
-678 0 72 0 
-676 0 69 0 
-674 0 58 0 
-672 0 61 0 
-670 0 67 0 
-668 0 67 0 
-666 0 68 0 
-664 0 67 0 
-662 0 60 0 
-660 0 58 0 
-658 0 68 0 
-656 0 58 0 
-654 0 69 0 
-652 0 73 0 
-650 0 91 0 
-648 0 68 0 
-646 0 64 0 
-644 0 67 0 
-642 0 78 0 
-640 0 72 0 
-638 0 72 0 
-636 0 57 0 
-634 0 67 0 
-632 0 71 0 
-630 0 70 0 
-628 0 72 0 
-626 0 78 0 
-624 0 67 0 
-622 0 73 0 
-620 0 85 0 
-618 0 86 0 
-616 0 73 0 
-614 0 89 0 
-612 0 75 0 
-610 0 75 0 
-608 0 76 0 
-606 0 81 0 
-604 0 85 0 
-602 0 58 0 
-600 0 70 0 
-598 0 70 0 
-596 0 71 0 
-594 0 83 0 
-592 0 75 0 
-590 0 81 0 
-588 0 81 0 
-586 0 64 0 
-584 0 65 0 
-582 0 83 0 
-580 0 93 0 
-578 0 72 0 
-576 0 92 0 
-574 0 76 0 
-572 0 85 0 
-570 0 85 0 
-568 0 89 0 
-566 0 97 0 
-564 0 68 0 
-562 0 82 0 
-560 0 77 0 
-558 0 89 0 
-556 0 79 0 
-554 0 94 0 
-552 0 91 0 
-550 0 87 0 
-548 0 91 0 
-546 0 80 0 
-544 0 87 0 
-542 0 93 0 
-540 0 96 0 
-538 0 98 0 
-536 0 97 0 
-534 0 98 0 
-532 0 104 0 
-530 0 108 0 
-528 0 106 0 
-526 0 104 0 
-524 0 89 0 
-522 0 112 0 
-520 0 100 0 
-518 0 88 0 
-516 0 83 0 
-514 0 99 0 
-512 0 91 0 
-510 0 104 0 
-508 0 89 0 
-506 0 105 0 
-504 0 88 0 
-502 0 102 0 
-500 0 104 0 
-498 0 87 0 
-496 0 102 0 
-494 0 122 1 
-492 0 102 1 
-490 0 95 1 
-488 0 84 0 
-486 0 89 1 
-484 0 97 0 
-482 0 89 1 
-480 0 102 0 
-478 0 94 1 
-476 0 86 1 
-474 0 102 1 
-472 0 107 3 
-470 0 102 0 
-468 0 112 2 
-466 0 85 3 
-464 0 99 1 
-462 0 106 2 
-460 0 90 0 
-458 0 108 1 
-456 0 105 0 
-454 0 98 1 
-452 0 100 1 
-450 0 119 1 
-448 0 95 2 
-446 0 118 6 
-444 0 111 2 
-442 0 112 5 
-440 0 105 4 
-438 0 115 2 
-436 0 108 3 
-434 0 117 3 
-432 0 104 5 
-430 0 115 4 
-428 0 126 4 
-426 0 113 5 
-424 0 119 5 
-422 0 120 7 
-420 0 117 4 
-418 0 114 6 
-416 0 104 5 
-414 0 106 7 
-412 0 111 8 
-410 0 114 3 
-408 0 107 5 
-406 0 115 6 
-404 0 110 3 
-402 0 99 5 
-400 0 101 5 
-398 0 93 11 
-396 0 117 4 
-394 0 105 5 
-392 0 114 8 
-390 0 121 16 
-388 0 105 9 
-386 0 114 7 
-384 0 111 8 
-382 0 109 4 
-380 0 108 6 
-378 0 123 7 
-376 0 99 5 
-374 0 100 20 
-372 0 116 9 
-370 0 114 11 
-368 0 108 13 
-366 0 122 2 
-364 0 113 9 
-362 0 114 5 
-360 0 119 10 
-358 0 120 14 
-356 0 127 6 
-354 0 121 5 
-352 0 104 8 
-350 0 104 11 
-348 0 106 11 
-346 0 139 9 
-344 0 123 14 
-342 0 127 21 
-340 0 128 22 
-338 0 139 19 
-336 0 117 15 
-334 0 120 20 
-332 0 127 23 
-330 0 137 29 
-328 0 126 30 
-326 0 124 38 
-324 0 123 32 
-322 0 122 41 
-320 0 118 42 
-318 0 123 38 
-316 0 120 39 
-314 0 137 36 
-312 0 133 39 
-310 0 134 41 
-308 0 141 39 
-306 0 141 39 
-304 0 139 54 
-302 0 139 40 
-300 0 129 48 
-298 0 132 59 
-296 0 112 56 
-294 0 114 62 
-292 0 131 57 
-290 0 140 63 
-288 0 142 66 
-286 0 138 79 
-284 0 134 79 
-282 0 146 68 
-280 0 136 64 
-278 0 118 95 
-276 0 114 84 
-274 0 143 91 
-272 0 132 75 
-270 0 122 84 
-268 0 114 84 
-266 0 135 79 
-264 0 124 98 
-262 0 138 95 
-260 0 151 104 
-258 0 145 86 
-256 0 125 85 
-254 0 134 90 
-252 0 113 117 
-250 0 151 97 
-248 0 145 117 
-246 0 153 111 
-244 0 132 112 
-242 0 143 126 
-240 0 136 158 
-238 0 127 151 
-236 0 139 139 
-234 0 155 152 
-232 0 146 147 
-230 0 143 131 
-228 0 136 143 
-226 0 143 147 
-224 0 141 150 
-222 0 135 155 
-220 0 138 151 
-218 0 129 144 
-216 0 136 151 
-214 0 134 159 
-212 0 148 167 
-210 0 118 170 
-208 0 111 159 
-206 0 158 169 
-204 0 150 185 
-202 0 142 189 
-200 0 145 187 
-198 0 132 181 
-196 0 126 224 
-194 0 140 230 
-192 0 135 240 
-190 0 130 214 
-188 0 161 235 
-186 0 123 247 
-184 0 141 253 
-182 0 134 281 
-180 0 122 269 
-178 0 128 279 
-176 0 127 262 
-174 0 161 285 
-172 0 151 304 
-170 0 154 310 
-168 0 149 308 
-166 0 162 281 
-164 0 151 293 
-162 0 139 300 
-160 0 150 321 
-158 0 136 312 
-156 0 162 314 
-154 0 151 308 
-152 0 154 302 
-150 0 155 319 
-148 0 149 325 
-146 0 137 343 
-144 0 149 344 
-142 0 146 338 
-140 0 142 375 
-138 0 165 399 
-136 0 147 405 
-134 0 165 395 
-132 0 127 364 
-130 0 152 363 
-128 0 174 400 
-126 0 145 412 
-124 0 176 375 
-122 0 163 399 
-120 0 153 432 
-118 0 161 415 
-116 0 172 462 
-114 0 155 441 
-112 0 146 478 
-110 0 129 437 
-108 0 159 451 
-106 0 147 466 
-104 0 144 448 
-102 0 150 477 
-100 0 136 476 
-98 0 165 447 
-96 0 153 453 
-94 0 138 501 
-92 0 153 481 
-90 0 155 470 
-88 0 142 496 
-86 0 161 528 
-84 0 141 513 
-82 0 161 535 
-80 0 140 522 
-78 0 148 506 
-76 0 126 507 
-74 0 140 557 
-72 0 162 536 
-70 0 154 519 
-68 0 152 495 
-66 0 168 514 
-64 0 135 509 
-62 0 163 524 
-60 0 149 514 
-58 0 159 528 
-56 0 157 533 
-54 0 155 539 
-52 0 175 583 
-50 0 159 576 
-48 0 149 589 
-46 0 164 575 
-44 0 168 561 
-42 0 162 576 
-40 0 164 563 
-38 0 138 571 
-36 0 160 573 
-34 0 162 593 
-32 0 158 554 
-30 0 139 604 
-28 0 155 599 
-26 0 160 559 
-24 0 171 576 
-22 0 160 557 
-20 0 140 531 
-18 0 143 536 
-16 0 144 540 
-14 0 165 565 
-12 0 153 547 
-10 0 132 560 
-8 0 169 558 
-6 0 149 541 
-4 0 161 576 
-2 0 171 593 
0 0 134 572 
2 0 150 585 
4 0 140 559 
6 0 151 598 
8 0 156 560 
10 0 154 566 
12 0 148 567 
14 0 164 518 
16 0 175 568 
18 0 158 558 
20 0 154 558 
22 0 162 501 
24 0 151 587 
26 0 143 532 
28 0 156 551 
30 0 141 579 
32 0 166 544 
34 0 158 531 
36 0 176 521 
38 0 149 525 
40 0 128 513 
42 0 170 544 
44 0 149 514 
46 0 135 524 
48 0 132 533 
50 0 161 513 
52 0 149 561 
54 0 142 534 
56 0 148 526 
58 0 158 530 
60 0 170 496 
62 0 159 535 
64 0 147 547 
66 0 145 481 
68 0 134 526 
70 0 155 524 
72 0 154 497 
74 0 156 513 
76 0 146 519 
78 0 161 542 
80 0 127 562 
82 0 155 506 
84 0 151 517 
86 0 156 485 
88 0 145 484 
90 0 166 520 
92 0 177 504 
94 0 141 478 
96 0 149 515 
98 0 130 432 
100 0 160 459 
102 0 140 497 
104 0 141 477 
106 0 156 487 
108 0 137 475 
110 0 132 471 
112 0 144 457 
114 0 151 469 
116 0 151 458 
118 0 144 407 
120 0 156 415 
122 0 160 431 
124 0 137 396 
126 0 153 436 
128 0 165 415 
130 0 166 379 
132 0 163 386 
134 0 136 377 
136 0 164 375 
138 0 152 345 
140 0 163 350 
142 0 153 317 
144 0 164 367 
146 0 146 332 
148 0 137 320 
150 0 158 290 
152 0 149 264 
154 0 142 295 
156 0 143 256 
158 0 156 289 
160 0 175 304 
162 0 162 301 
164 0 132 304 
166 0 135 286 
168 0 130 288 
170 0 146 291 
172 0 162 287 
174 0 159 262 
176 0 140 297 
178 0 175 237 
180 0 157 203 
182 0 165 231 
184 0 162 209 
186 0 145 236 
188 0 180 231 
190 0 147 222 
192 0 153 232 
194 0 127 208 
196 0 150 223 
198 0 127 207 
200 0 149 197 
202 0 152 181 
204 0 135 180 
206 0 151 176 
208 0 142 181 
210 0 148 157 
212 0 158 178 
214 0 147 149 
216 0 137 156 
218 0 155 159 
220 0 128 163 
222 0 128 164 
224 0 130 185 
226 0 184 147 
228 0 130 138 
230 0 149 134 
232 0 134 120 
234 0 145 116 
236 0 142 119 
238 0 124 118 
240 0 143 99 
242 0 142 114 
244 0 146 103 
246 0 148 101 
248 0 129 109 
250 0 141 88 
252 0 120 94 
254 0 150 97 
256 0 137 100 
258 0 142 100 
260 0 148 86 
262 0 148 73 
264 0 163 87 
266 0 140 69 
268 0 140 70 
270 0 113 57 
272 0 127 61 
274 0 131 71 
276 0 123 65 
278 0 130 57 
280 0 126 60 
282 0 107 57 
284 0 109 44 
286 0 117 49 
288 0 137 48 
290 0 139 65 
292 0 117 49 
294 0 147 49 
296 0 134 43 
298 0 144 50 
300 0 125 37 
302 0 121 38 
304 0 135 50 
306 0 128 48 
308 0 124 31 
310 0 120 35 
312 0 127 40 
314 0 131 38 
316 0 118 31 
318 0 144 28 
320 0 148 32 
322 0 140 19 
324 0 124 23 
326 0 127 19 
328 0 144 23 
330 0 129 13 
332 0 116 16 
334 0 132 28 
336 0 132 24 
338 0 143 17 
340 0 135 19 
342 0 147 23 
344 0 142 18 
346 0 136 16 
348 0 114 13 
350 0 123 15 
352 0 129 12 
354 0 116 11 
356 0 120 9 
358 0 144 6 
360 0 141 7 
362 0 113 9 
364 0 144 6 
366 0 143 2 
368 0 137 2 
370 0 132 4 
372 0 111 8 
374 0 122 8 
376 0 126 8 
378 0 119 1 
380 0 140 5 
382 0 136 4 
384 0 116 3 
386 0 120 3 
388 0 137 2 
390 0 128 3 
392 0 123 2 
394 0 127 1 
396 0 115 0 
398 0 87 2 
400 0 136 5 
402 0 115 3 
404 0 120 0 
406 0 120 0 
408 0 109 4 
410 0 102 5 
412 0 128 4 
414 0 117 1 
416 0 105 3 
418 0 101 3 
420 0 106 2 
422 0 107 2 
424 0 129 4 
426 0 106 2 
428 0 112 0 
430 0 109 1 
432 0 103 2 
434 0 127 0 
436 0 112 2 
438 0 108 4 
440 0 100 3 
442 0 101 1 
444 0 115 3 
446 0 108 1 
448 0 99 1 
450 0 108 1 
452 0 98 1 
454 0 109 0 
456 0 105 0 
458 0 107 0 
460 0 104 0 
462 0 107 0 
464 0 107 0 
466 0 116 0 
468 0 100 0 
470 0 114 0 
472 0 99 0 
474 0 116 0 
476 0 80 0 
478 0 93 0 
480 0 105 0 
482 0 100 0 
484 0 97 0 
486 0 118 0 
488 0 102 0 
490 0 118 0 
492 0 100 0 
494 0 102 0 
496 0 101 0 
498 0 96 0 
500 0 96 0 
502 0 90 0 
504 0 102 0 
506 0 106 0 
508 0 97 0 
510 0 88 0 
512 0 100 0 
514 0 97 0 
516 0 105 0 
518 0 97 0 
520 0 89 0 
522 0 97 0 
524 0 85 0 
526 0 72 0 
528 0 91 0 
530 0 81 0 
532 0 86 0 
534 0 91 0 
536 0 73 0 
538 0 69 0 
540 0 86 0 
542 0 98 0 
544 0 80 0 
546 0 99 0 
548 0 94 0 
550 0 89 0 
552 0 105 0 
554 0 87 0 
556 0 83 0 
558 0 100 0 
560 0 86 0 
562 0 83 0 
564 0 83 0 
566 0 85 0 
568 0 73 0 
570 0 68 0 
572 0 91 0 
574 0 89 0 
576 0 88 0 
578 0 74 0 
580 0 84 0 
582 0 79 0 
584 0 84 0 
586 0 80 0 
588 0 84 0 
590 0 74 0 
592 0 84 0 
594 0 79 0 
596 0 88 0 
598 0 78 0 
600 0 107 0 
602 0 81 0 
604 0 92 0 
606 0 89 0 
608 0 94 0 
610 0 101 0 
612 0 77 0 
614 0 74 0 
616 0 62 0 
618 0 80 0 
620 0 85 0 
622 0 66 0 
624 0 67 0 
626 0 60 0 
628 0 74 0 
630 0 80 0 
632 0 66 0 
634 0 88 0 
636 0 61 0 
638 0 73 0 
640 0 69 0 
642 0 67 0 
644 0 70 0 
646 0 68 0 
648 0 55 0 
650 0 70 0 
652 0 67 0 
654 0 75 0 
656 0 82 0 
658 0 74 0 
660 0 76 0 
662 0 86 0 
664 0 78 0 
666 0 66 0 
668 0 65 0 
670 0 56 0 
672 0 65 0 
674 0 60 0 
676 0 71 0 
678 0 73 0 
680 0 76 0 
682 0 65 0 
684 0 50 0 
686 0 82 0 
688 0 66 0 
690 0 53 0 
692 0 62 0 
694 0 68 0 
696 0 69 0 
698 0 73 0 
700 0 86 0 
702 0 74 0 
704 0 64 0 
706 0 72 0 
708 0 81 0 
710 0 80 0 
712 0 66 0 
714 0 59 0 
716 0 77 0 
718 0 66 0 
720 0 53 0 
722 0 55 0 
724 0 55 0 
726 0 51 0 
728 0 57 0 
730 0 50 0 
732 0 62 0 
734 0 62 0 
736 0 50 0 
738 0 58 0 
740 0 46 0 
742 0 54 0 
744 0 56 0 
746 0 57 0 
748 0 57 0 
750 0 57 0 
752 0 47 0 
754 0 40 0 
756 0 46 0 
758 0 42 0 
760 0 42 0 
762 0 51 0 
764 0 39 0 
766 0 60 0 
768 0 45 0 
770 0 43 0 
772 0 40 0 
774 0 42 0 
776 0 48 0 
778 0 57 0 
780 0 50 0 
782 0 59 0 
784 0 57 0 
786 0 41 0 
788 0 40 0 
790 0 49 0 
792 0 40 0 
794 0 51 0 
796 0 55 0 
798 0 55 0 
800 0 47 0 
802 0 58 0 
804 0 37 0 
806 0 48 0 
808 0 57 0 
810 0 42 0 
812 0 52 0 
814 0 56 0 
816 0 43 0 
818 0 40 0 
820 0 39 0 
822 0 41 0 
824 0 50 0 
826 0 52 0 
828 0 52 0 
830 0 40 0 
832 0 39 0 
834 0 42 0 
836 0 43 0 
838 0 37 0 
840 0 42 0 
842 0 42 0 
844 0 42 0 
846 0 39 0 
848 0 33 0 
850 0 30 0 
852 0 38 0 
854 0 28 0 
856 0 26 0 
858 0 34 0 
860 0 37 0 
862 0 33 0 
864 0 37 0 
866 0 42 0 
868 0 36 0 
870 0 43 0 
872 0 47 0 
874 0 46 0 
876 0 48 0 
878 0 36 0 
880 0 38 0 
882 0 39 0 
884 0 39 0 
886 0 34 0 
888 0 41 0 
890 0 32 0 
892 0 44 0 
894 0 35 0 
896 0 35 0 
898 0 32 0 
900 0 28 0 
902 0 32 0 
904 0 31 0 
906 0 26 0 
908 0 26 0 
910 0 30 0 
912 0 30 0 
914 0 20 0 
916 0 20 0 
918 0 37 0 
920 0 36 0 
922 0 33 0 
924 0 35 0 
926 0 32 0 
928 0 39 0 
930 0 35 0 
932 0 20 0 
934 0 31 0 
936 0 34 0 
938 0 30 0 
940 0 25 0 
942 0 32 0 
944 0 33 0 
946 0 22 0 
948 0 28 0 
950 0 31 0 
952 0 34 0 
954 0 31 0 
956 0 24 0 
958 0 29 0 
960 0 31 0 
962 0 30 0 
964 0 30 0 
966 0 26 0 
968 0 22 0 
970 0 22 0 
972 0 28 0 
974 0 19 0 
976 0 15 0 
978 0 21 0 
980 0 33 0 
982 0 24 0 
984 0 19 0 
986 0 25 0 
988 0 24 0 
990 0 26 0 
992 0 26 0 
994 0 28 0 
996 0 11 0 
998 0 37 0 
1000 0 23 0 
1002 0 21 0 
1004 0 24 0 
1006 0 18 0 
1008 0 13 0 
1010 0 21 0 
1012 0 23 0 
1014 0 28 0 
1016 0 25 0 
1018 0 21 0 
1020 0 25 0 
1022 0 19 0 
1024 0 12 0 
1026 0 22 0 
1028 0 19 0 
1030 0 23 0 
1032 0 20 0 
1034 0 24 0 
1036 0 21 0 
1038 0 21 0 
1040 0 16 0 
1042 0 22 0 
1044 0 17 0 
1046 0 20 0 
1048 0 25 0 
1050 0 11 0 
1052 0 26 0 
1054 0 22 0 
1056 0 21 0 
1058 0 23 0 
1060 0 15 0 
1062 0 18 0 
1064 0 22 0 
1066 0 15 0 
1068 0 12 0 
1070 0 29 0 
1072 0 26 0 
1074 0 12 0 
1076 0 18 0 
1078 0 14 0 
1080 0 22 0 
1082 0 16 0 
1084 0 21 0 
1086 0 18 0 
1088 0 23 0 
1090 0 21 0 
1092 0 17 0 
1094 0 11 0 
1096 0 11 0 
1098 0 17 0 
1100 0 23 0 
1102 0 15 0 
1104 0 14 0 
1106 0 22 0 
1108 0 14 0 
1110 0 12 0 
1112 0 13 0 
1114 0 13 0 
1116 0 21 0 
1118 0 17 0 
1120 0 20 0 
1122 0 16 0 
1124 0 14 0 
1126 0 12 0 
1128 0 22 0 
1130 0 15 0 
1132 0 12 0 
1134 0 10 0 
1136 0 11 0 
1138 0 12 0 
1140 0 10 0 
1142 0 20 0 
1144 0 8 0 
1146 0 13 0 
1148 0 17 0 
1150 0 15 0 
1152 0 15 0 
1154 0 14 0 
1156 0 16 0 
1158 0 11 0 
1160 0 8 0 
1162 0 6 0 
1164 0 9 0 
1166 0 9 0 
1168 0 8 0 
1170 0 10 0 
1172 0 8 0 
1174 0 9 0 
1176 0 8 0 
1178 0 18 0 
1180 0 8 0 
1182 0 7 0 
1184 0 5 0 
1186 0 8 0 
1188 0 9 0 
1190 0 12 0 
1192 0 9 0 
1194 0 9 0 
1196 0 8 0 
1198 0 7 0 
1200 0 12 0 
1202 0 7 0 
1204 0 7 0 
1206 0 15 0 
1208 0 10 0 
1210 0 14 0 
1212 0 7 0 
1214 0 8 0 
1216 0 11 0 
1218 0 12 0 
1220 0 8 0 
1222 0 6 0 
1224 0 14 0 
1226 0 6 0 
1228 0 6 0 
1230 0 13 0 
1232 0 6 0 
1234 0 9 0 
1236 0 11 0 
1238 0 6 0 
1240 0 11 0 
1242 0 6 0 
1244 0 2 0 
1246 0 8 0 
1248 0 9 0 
1250 0 9 0 
1252 0 6 0 
1254 0 7 0 
1256 0 7 0 
1258 0 10 0 
1260 0 6 0 
1262 0 7 0 
1264 0 6 0 
1266 0 8 0 
1268 0 9 0 
1270 0 10 0 
1272 0 9 0 
1274 0 8 0 
1276 0 7 0 
1278 0 6 0 
1280 0 6 0 
1282 0 6 0 
1284 0 5 0 
1286 0 8 0 
1288 0 4 0 
1290 0 6 0 
1292 0 3 0 
1294 0 5 0 
1296 0 6 0 
1298 0 3 0 
1300 0 8 0 
1302 0 5 0 
1304 0 6 0 
1306 0 7 0 
1308 0 5 0 
1310 0 3 0 
1312 0 3 0 
1314 0 6 0 
1316 0 5 0 
1318 0 3 0 
1320 0 2 0 
1322 0 4 0 
1324 0 2 0 
1326 0 7 0 
1328 0 10 0 
1330 0 5 0 
1332 0 4 0 
1334 0 6 0 
1336 0 6 0 
1338 0 4 0 
1340 0 6 0 
1342 0 4 0 
1344 0 11 0 
1346 0 5 0 
1348 0 1 0 
1350 0 5 0 
1352 0 3 0 
1354 0 6 0 
1356 0 6 0 
1358 0 6 0 
1360 0 3 0 
1362 0 1 0 
1364 0 3 0 
1366 0 6 0 
1368 0 4 0 
1370 0 4 0 
1372 0 5 0 
1374 0 6 0 
1376 0 4 0 
1378 0 2 0 
1380 0 4 0 
1382 0 5 0 
1384 0 2 0 
1386 0 0 0 
1388 0 2 0 
1390 0 2 0 
1392 0 1 0 
1394 0 0 0 
1396 0 2 0 
1398 0 4 0 
1400 0 2 0 
1402 0 3 0 
1404 0 3 0 
1406 0 1 0 
1408 0 5 0 
1410 0 4 0 
1412 0 4 0 
1414 0 3 0 
1416 0 4 0 
1418 0 5 0 
1420 0 4 0 
1422 0 0 0 
1424 0 1 0 
1426 0 3 0 
1428 0 3 0 
1430 0 2 0 
1432 0 3 0 
1434 0 3 0 
1436 0 4 0 
1438 0 4 0 
1440 0 7 0 
1442 0 0 0 
1444 0 2 0 
1446 0 2 0 
1448 0 2 0 
1450 0 1 0 
1452 0 2 0 
1454 0 2 0 
1456 0 4 0 
1458 0 2 0 
1460 0 2 0 
1462 0 1 0 
1464 0 6 0 
1466 0 1 0 
1468 0 1 0 
1470 0 3 0 
1472 0 3 0 
1474 0 1 0 
1476 0 0 0 
1478 0 0 0 
1480 0 1 0 
1482 0 2 0 
1484 0 1 0 
1486 0 1 0 
1488 0 1 0 
1490 0 0 0 
1492 0 0 0 
1494 0 0 0 
1496 0 0 0 
1498 0 0 0 
1500 0 2 0 
1502 0 1 0 
1504 0 2 0 
1506 0 1 0 
1508 0 1 0 
1510 0 1 0 
1512 0 0 0 
1514 0 2 0 
1516 0 1 0 
1518 0 2 0 
1520 0 1 0 
1522 0 0 0 
1524 0 2 0 
1526 0 3 0 
1528 0 1 0 
1530 0 2 0 
1532 0 1 0 
1534 0 1 0 
1536 0 0 0 
1538 0 0 0 
1540 0 1 0 
1542 0 0 0 
1544 0 0 0 
1546 0 0 0 
1548 0 2 0 
1550 0 2 0 
1552 0 0 0 
1554 0 0 0 
1556 0 0 0 
1558 0 2 0 
1560 0 1 0 
1562 0 0 0 
1564 0 1 0 
1566 0 1 0 
1568 0 0 0 
1570 0 1 0 
1572 0 0 0 
1574 0 0 0 
1576 0 1 0 
1578 0 0 0 
1580 0 0 0 
1582 0 0 0 
1584 0 0 0 
1586 0 0 0 
1588 0 1 0 
1590 0 0 0 
1592 0 0 0 
1594 0 2 0 
1596 0 0 0 
1598 0 0 0 
1600 0 1 0 
1602 0 1 0 
1604 0 1 0 
1606 0 2 0 
1608 0 2 0 
1610 0 0 0 
1612 0 0 0 
1614 0 0 0 
1616 0 1 0 
1618 0 0 0 
1620 0 0 0 
1622 0 0 0 
1624 0 0 0 
1626 0 1 0 
1628 0 0 0 
1630 0 0 0 
1632 0 1 0 
1634 0 0 0 
1636 0 0 0 
1638 0 0 0 
1640 0 0 0 
1642 0 0 0 
1644 0 0 0 
1646 0 0 0 
1648 0 0 0 
1650 0 0 0 
1652 0 0 0 
1654 0 0 0 
1656 0 0 0 
1658 0 0 0 
1660 0 0 0 
1662 0 1 0 
1664 0 0 0 
1666 0 0 0 
1668 0 1 0 
1670 0 0 0 
1672 0 0 0 
1674 0 0 0 
1676 0 0 0 
1678 0 1 0 
1680 0 2 0 
1682 0 2 0 
1684 0 1 0 
1686 0 0 0 
1688 0 0 0 
1690 0 0 0 
1692 0 0 0 
1694 0 1 0 
1696 0 0 0 
1698 0 0 0 
1700 0 0 0 
1702 0 0 0 
1704 0 1 0 
1706 0 1 0 
1708 0 3 0 
1710 0 2 0 
1712 0 0 0 
1714 0 2 0 
1716 0 0 0 
1718 0 0 0 
1720 0 0 0 
1722 0 0 0 
1724 0 0 0 
1726 0 0 0 
1728 0 0 0 
1730 0 0 0 
1732 0 0 0 
1734 0 0 0 
1736 0 0 0 
1738 0 0 0 
1740 0 1 0 
1742 0 0 0 
1744 0 0 0 
1746 0 0 0 
1748 0 0 0 
1750 0 0 0 
1752 0 1 0 
1754 0 0 0 
1756 0 0 0 
1758 0 0 0 
1760 0 0 0 
1762 0 0 0 
1764 0 0 0 
1766 0 0 0 
1768 0 0 0 
1770 0 0 0 
1772 0 0 0 
1774 0 0 0 
1776 0 0 0 
1778 0 0 0 
1780 0 0 0 
1782 0 0 0 
1784 0 0 0 
1786 0 0 0 
1788 0 0 0 
1790 0 0 0 
1792 0 0 0 
1794 0 0 0 
1796 0 0 0 
1798 0 0 0 
1800 0 0 0 
1802 0 0 0 
1804 0 0 0 
1806 0 0 0 
1808 0 0 0 
1810 0 0 0 
1812 0 0 0 
1814 0 0 0 
1816 0 0 0 
1818 0 0 0 
1820 0 0 0 
1822 0 0 0 
1824 0 0 0 
1826 0 0 0 
1828 0 0 0 
1830 0 0 0 
1832 0 0 0 
1834 0 0 0 
1836 0 0 0 
1838 0 0 0 
1840 0 0 0 
1842 0 0 0 
1844 0 0 0 
1846 0 0 0 
1848 0 0 0 
1850 0 0 0 
1852 0 0 0 
1854 0 0 0 
1856 0 0 0 
1858 0 0 0 
1860 0 0 0 
1862 0 0 0 
1864 0 0 0 
1866 0 0 0 
1868 0 0 0 
1870 0 0 0 
1872 0 0 0 
1874 0 0 0 
1876 0 0 0 
1878 0 0 0 
1880 0 0 0 
1882 0 0 0 
1884 0 0 0 
1886 0 0 0 
1888 0 0 0 
1890 0 0 0 
1892 0 0 0 
1894 0 0 0 
1896 0 0 0 
1898 0 0 0 
1900 0 0 0 
1902 0 0 0 
1904 0 0 0 
1906 0 0 0 
1908 0 0 0 
1910 0 0 0 
1912 0 0 0 
1914 0 0 0 
1916 0 0 0 
1918 0 0 0 
1920 0 0 0 
1922 0 0 0 
1924 0 0 0 
1926 0 0 0 
1928 0 0 0 
1930 0 0 0 
1932 0 0 0 
1934 0 0 0 
1936 0 0 0 
1938 0 0 0 
1940 0 0 0 
1942 0 0 0 
1944 0 0 0 
1946 0 0 0 
1948 0 0 0 
1950 0 0 0 
1952 0 0 0 
1954 0 0 0 
1956 0 0 0 
1958 0 0 0 
1960 0 0 0 
1962 0 0 0 
1964 0 0 0 
1966 0 0 0 
1968 0 0 0 
1970 0 0 0 
1972 0 0 0 
1974 0 0 0 
1976 0 0 0 
1978 0 0 0 
1980 0 0 0 
1982 0 0 0 
1984 0 0 0 
1986 0 0 0 
1988 0 0 0 
1990 0 0 0 
1992 0 0 0 
1994 0 0 0 
1996 0 0 0 
1998 0 0 0 
2000 0 0 0 
2002 0 0 0 
2004 0 0 0 
2006 0 0 0 
2008 0 0 0 
2010 0 0 0 
2012 0 0 0 
2014 0 0 0 
2016 0 0 0 
2018 0 0 0 
2020 0 0 0 
2022 0 0 0 
2024 0 0 0 
2026 0 0 0 
2028 0 0 0 
2030 0 0 0 
2032 0 0 0 
2034 0 0 0 
2036 0 0 0 
2038 0 0 0 
2040 0 0 0 
2042 0 0 0 
2044 0 0 0 
2046 0 0 0 
2048 0 0 0 
2050 0 0 0 
2052 0 0 0 
2054 0 0 0 
2056 0 0 0 
2058 0 0 0 
2060 0 0 0 
2062 0 0 0 
2064 0 0 0 
2066 0 0 0 
2068 0 0 0 
2070 0 0 0 
2072 0 0 0 
2074 0 0 0 
2076 0 0 0 
2078 0 0 0 
2080 0 0 0 
2082 0 0 0 
2084 0 0 0 
2086 0 0 0 
2088 0 0 0 
2090 0 0 0 
2092 0 0 0 
2094 0 0 0 
2096 0 0 0 
2098 0 0 0 
2100 0 0 0 
2102 0 0 0 
2104 0 0 0 
2106 0 0 0 
2108 0 0 0 
2110 0 0 0 
2112 0 0 0 
2114 0 0 0 
2116 0 0 0 
2118 0 0 0 
2120 0 0 0 
2122 0 0 0 
2124 0 0 0 
2126 0 0 0 
2128 0 0 0 
2130 0 0 0 
2132 0 0 0 
2134 0 0 0 
2136 0 0 0 
2138 0 0 0 
2140 0 0 0 
2142 0 0 0 
2144 0 0 0 
2146 0 0 0 
2148 0 0 0 
2150 0 0 0 
2152 0 0 0 
2154 0 0 0 
2156 0 0 0 
2158 0 0 0 
2160 0 0 0 
2162 0 0 0 
2164 0 0 0 
2166 0 0 0 
2168 0 0 0 
2170 0 0 0 
2172 0 0 0 
2174 0 0 0 
2176 0 0 0 
2178 0 0 0 
2180 0 0 0 
2182 0 0 0 
2184 0 0 0 
2186 0 0 0 
2188 0 0 0 
2190 0 0 0 
2192 0 0 0 
2194 0 0 0 
2196 0 0 0 
2198 0 0 0 
2200 0 0 0 
2202 0 0 0 
2204 0 0 0 
2206 0 0 0 
2208 0 0 0 
2210 0 0 0 
2212 0 0 0 
2214 0 0 0 
2216 0 0 0 
2218 0 0 0 
2220 0 0 0 
2222 0 0 0 
2224 0 0 0 
2226 0 0 0 
2228 0 0 0 
2230 0 0 0 
2232 0 0 0 
2234 0 0 0 
2236 0 0 0 
2238 0 0 0 
2240 0 0 0 
2242 0 0 0 
2244 0 0 0 
2246 0 0 0 
2248 0 0 0 
2250 0 0 0 
2252 0 0 0 
2254 0 0 0 
2256 0 0 0 
2258 0 0 0 
2260 0 0 0 
2262 0 0 0 
2264 0 0 0 
2266 0 0 0 
2268 0 0 0 
2270 0 0 0 
2272 0 0 0 
2274 0 0 0 
2276 0 0 0 
2278 0 0 0 
2280 0 0 0 
2282 0 0 0 
2284 0 0 0 
2286 0 0 0 
2288 0 0 0 
2290 0 0 0 
2292 0 0 0 
2294 0 0 0 
2296 0 0 0 
2298 0 0 0 
2300 0 0 0 
2302 0 0 0 
2304 0 0 0 
2306 0 0 0 
2308 0 0 0 
2310 0 0 0 
2312 0 0 0 
2314 0 0 0 
2316 0 0 0 
2318 0 0 0 
2320 0 0 0 
2322 0 0 0 
2324 0 0 0 
2326 0 0 0 
2328 0 0 0 
2330 0 0 0 
2332 0 0 0 
2334 0 0 0 
2336 0 0 0 
2338 0 0 0 
2340 0 0 0 
2342 0 0 0 
2344 0 0 0 
2346 0 0 0 
2348 0 0 0 
2350 0 0 0 
2352 0 0 0 
2354 0 0 0 
2356 0 0 0 
2358 0 0 0 
2360 0 0 0 
2362 0 0 0 
2364 0 0 0 
2366 0 0 0 
2368 0 0 0 
2370 0 0 0 
2372 0 0 0 
2374 0 0 0 
2376 0 0 0 
2378 0 0 0 
2380 0 0 0 
2382 0 0 0 
2384 0 0 0 
2386 0 0 0 
2388 0 0 0 
2390 0 0 0 
2392 0 0 0 
2394 0 0 0 
2396 0 0 0 
2398 0 0 0 
2400 0 0 0 
2402 0 0 0 
2404 0 0 0 
2406 0 0 0 
2408 0 0 0 
2410 0 0 0 
2412 0 0 0 
2414 0 0 0 
2416 0 0 0 
2418 0 0 0 
2420 0 0 0 
2422 0 0 0 
2424 0 0 0 
2426 0 0 0 
2428 0 0 0 
2430 0 0 0 
2432 0 0 0 
2434 0 0 0 
2436 0 0 0 
2438 0 0 0 
2440 0 0 0 
2442 0 0 0 
2444 0 0 0 
2446 0 0 0 
2448 0 0 0 
2450 0 0 0 
2452 0 0 0 
2454 0 0 0 
2456 0 0 0 
2458 0 0 0 
2460 0 0 0 
2462 0 0 0 
2464 0 0 0 
2466 0 0 0 
2468 0 0 0 
2470 0 0 0 
2472 0 0 0 
2474 0 0 0 
2476 0 0 0 
2478 0 0 0 
2480 0 0 0 
2482 0 0 0 
2484 0 0 0 
2486 0 0 0 
2488 0 0 0 
2490 0 0 0 
2492 0 0 0 
2494 0 0 0 
2496 0 0 0 
2498 0 0 0 
2500 0 0 0 
2502 0 0 0 
2504 0 0 0 
2506 0 0 0 
2508 0 0 0 
2510 0 0 0 
2512 0 0 0 
2514 0 0 0 
2516 0 0 0 
2518 0 0 0 
2520 0 0 0 
2522 0 0 0 
2524 0 0 0 
2526 0 0 0 
2528 0 0 0 
2530 0 0 0 
2532 0 0 0 
2534 0 0 0 
2536 0 0 0 
2538 0 0 0 
2540 0 0 0 
2542 0 0 0 
2544 0 0 0 
2546 0 0 0 
2548 0 0 0 
2550 0 0 0 
2552 0 0 0 
2554 0 0 0 
2556 0 0 0 
2558 0 0 0 
2560 0 0 0 
2562 0 0 0 
2564 0 0 0 
2566 0 0 0 
2568 0 0 0 
2570 0 0 0 
2572 0 0 0 
2574 0 0 0 
2576 0 0 0 
2578 0 0 0 
2580 0 0 0 
2582 0 0 0 
2584 0 0 0 
2586 0 0 0 
2588 0 0 0 
2590 0 0 0 
2592 0 0 0 
2594 0 0 0 
2596 0 0 0 
2598 0 0 0 
2600 0 0 0 
2602 0 0 0 
2604 0 0 0 
2606 0 0 0 
2608 0 0 0 
2610 0 0 0 
2612 0 0 0 
2614 0 0 0 
2616 0 0 0 
2618 0 0 0 
2620 0 0 0 
2622 0 0 0 
2624 0 0 0 
2626 0 0 0 
2628 0 0 0 
2630 0 0 0 
2632 0 0 0 
2634 0 0 0 
2636 0 0 0 
2638 0 0 0 
2640 0 0 0 
2642 0 0 0 
2644 0 0 0 
2646 0 0 0 
2648 0 0 0 
2650 0 0 0 
2652 0 0 0 
2654 0 0 0 
2656 0 0 0 
2658 0 0 0 
2660 0 0 0 
2662 0 0 0 
2664 0 0 0 
2666 0 0 0 
2668 0 0 0 
2670 0 0 0 
2672 0 0 0 
2674 0 0 0 
2676 0 0 0 
2678 0 0 0 
2680 0 0 0 
2682 0 0 0 
2684 0 0 0 
2686 0 0 0 
2688 0 0 0 
2690 0 0 0 
2692 0 0 0 
2694 0 0 0 
2696 0 0 0 
2698 0 0 0 
2700 0 0 0 
2702 0 0 0 
2704 0 0 0 
2706 0 0 0 
2708 0 0 0 
2710 0 0 0 
2712 0 0 0 
2714 0 0 0 
2716 0 0 0 
2718 0 0 0 
2720 0 0 0 
2722 0 0 0 
2724 0 0 0 
2726 0 0 0 
2728 0 0 0 
2730 0 0 0 
2732 0 0 0 
2734 0 0 0 
2736 0 0 0 
2738 0 0 0 
2740 0 0 0 
2742 0 0 0 
2744 0 0 0 
2746 0 0 0 
2748 0 0 0 
2750 0 0 0 
2752 0 0 0 
2754 0 0 0 
2756 0 0 0 
2758 0 0 0 
2760 0 0 0 
2762 0 0 0 
2764 0 0 0 
2766 0 0 0 
2768 0 0 0 
2770 0 0 0 
2772 0 0 0 
2774 0 0 0 
2776 0 0 0 
2778 0 0 0 
2780 0 0 0 
2782 0 0 0 
2784 0 0 0 
2786 0 0 0 
2788 0 0 0 
2790 0 0 0 
2792 0 0 0 
2794 0 0 0 
2796 0 0 0 
2798 0 0 0 
2800 0 0 0 
2802 0 0 0 
2804 0 0 0 
2806 0 0 0 
2808 0 0 0 
2810 0 0 0 
2812 0 0 0 
2814 0 0 0 
2816 0 0 0 
2818 0 0 0 
2820 0 0 0 
2822 0 0 0 
2824 0 0 0 
2826 0 0 0 
2828 0 0 0 
2830 0 0 0 
2832 0 0 0 
2834 0 0 0 
2836 0 0 0 
2838 0 0 0 
2840 0 0 0 
2842 0 0 0 
2844 0 0 0 
2846 0 0 0 
2848 0 0 0 
2850 0 0 0 
2852 0 0 0 
2854 0 0 0 
2856 0 0 0 
2858 0 0 0 
2860 0 0 0 
2862 0 0 0 
2864 0 0 0 
2866 0 0 0 
2868 0 0 0 
2870 0 0 0 
2872 0 0 0 
2874 0 0 0 
2876 0 0 0 
2878 0 0 0 
2880 0 0 0 
2882 0 0 0 
2884 0 0 0 
2886 0 0 0 
2888 0 0 0 
2890 0 0 0 
2892 0 0 0 
2894 0 0 0 
2896 0 0 0 
2898 0 0 0 
2900 0 0 0 
2902 0 0 0 
2904 0 0 0 
2906 0 0 0 
2908 0 0 0 
2910 0 0 0 
2912 0 0 0 
2914 0 0 0 
2916 0 0 0 
2918 0 0 0 
2920 0 0 0 
2922 0 0 0 
2924 0 0 0 
2926 0 0 0 
2928 0 0 0 
2930 0 0 0 
2932 0 0 0 
2934 0 0 0 
2936 0 0 0 
2938 0 0 0 
2940 0 0 0 
2942 0 0 0 
2944 0 0 0 
2946 0 0 0 
2948 0 0 0 
2950 0 0 0 
2952 0 0 0 
2954 0 0 0 
2956 0 0 0 
2958 0 0 0 
2960 0 0 0 
2962 0 0 0 
2964 0 0 0 
2966 0 0 0 
2968 0 0 0 
2970 0 0 0 
2972 0 0 0 
2974 0 0 0 
2976 0 0 0 
2978 0 0 0 
2980 0 0 0 
2982 0 0 0 
2984 0 0 0 
2986 0 0 0 
2988 0 0 0 
2990 0 0 0 
2992 0 0 0 
2994 0 0 0 
2996 0 0 0 
2998 0 0 0 
3000 0 0 0 
3002 0 0 0 
3004 0 0 0 
3006 0 0 0 
3008 0 0 0 
3010 0 0 0 
3012 0 0 0 
3014 0 0 0 
3016 0 0 0 
3018 0 0 0 
3020 0 0 0 
3022 0 0 0 
3024 0 0 0 
3026 0 0 0 
3028 0 0 0 
3030 0 0 0 
3032 0 0 0 
3034 0 0 0 
3036 0 0 0 
3038 0 0 0 
3040 0 0 0 
3042 0 0 0 
3044 0 0 0 
3046 0 0 0 
3048 0 0 0 
3050 0 0 0 
3052 0 0 0 
3054 0 0 0 
3056 0 0 0 
3058 0 0 0 
3060 0 0 0 
3062 0 0 0 
3064 0 0 0 
3066 0 0 0 
3068 0 0 0 
3070 0 0 0 
3072 0 0 0 
3074 0 0 0 
3076 0 0 0 
3078 0 0 0 
3080 0 0 0 
3082 0 0 0 
3084 0 0 0 
3086 0 0 0 
3088 0 0 0 
3090 0 0 0 
3092 0 0 0 
3094 0 0 0 
3096 0 0 0 
3098 0 0 0 
3100 0 0 0 
3102 0 0 0 
3104 0 0 0 
3106 0 0 0 
3108 0 0 0 
3110 0 0 0 
3112 0 0 0 
3114 0 0 0 
3116 0 0 0 
3118 0 0 0 
3120 0 0 0 
3122 0 0 0 
3124 0 0 0 
3126 0 0 0 
3128 0 0 0 
3130 0 0 0 
3132 0 0 0 
3134 0 0 0 
3136 0 0 0 
3138 0 0 0 
3140 0 0 0 
3142 0 0 0 
3144 0 0 0 
3146 0 0 0 
3148 0 0 0 
3150 0 0 0 
3152 0 0 0 
3154 0 0 0 
3156 0 0 0 
3158 0 0 0 
3160 0 0 0 
3162 0 0 0 
3164 0 0 0 
3166 0 0 0 
3168 0 0 0 
3170 0 0 0 
3172 0 0 0 
3174 0 0 0 
3176 0 0 0 
3178 0 0 0 
3180 0 0 0 
3182 0 0 0 
3184 0 0 0 
3186 0 0 0 
3188 0 0 0 
3190 0 0 0 
3192 0 0 0 
3194 0 0 0 
3196 0 0 0 
3198 0 0 0 
3200 0 0 0 
3202 0 0 0 
3204 0 0 0 
3206 0 0 0 
3208 0 0 0 
3210 0 0 0 
3212 0 0 0 
3214 0 0 0 
3216 0 0 0 
3218 0 0 0 
3220 0 0 0 
3222 0 0 0 
3224 0 0 0 
3226 0 0 0 
3228 0 0 0 
3230 0 0 0 
3232 0 0 0 
3234 0 0 0 
3236 0 0 0 
3238 0 0 0 
3240 0 0 0 
3242 0 0 0 
3244 0 0 0 
3246 0 0 0 
3248 0 0 0 
3250 0 0 0 
3252 0 0 0 
3254 0 0 0 
3256 0 0 0 
3258 0 0 0 
3260 0 0 0 
3262 0 0 0 
3264 0 0 0 
3266 0 0 0 
3268 0 0 0 
3270 0 0 0 
3272 0 0 0 
3274 0 0 0 
3276 0 0 0 
3278 0 0 0 
3280 0 0 0 
3282 0 0 0 
3284 0 0 0 
3286 0 0 0 
3288 0 0 0 
3290 0 0 0 
3292 0 0 0 
3294 0 0 0 
3296 0 0 0 
3298 0 0 0 
3300 0 0 0 
3302 0 0 0 
3304 0 0 0 
3306 0 0 0 
3308 0 0 0 
3310 0 0 0 
3312 0 0 0 
3314 0 0 0 
3316 0 0 0 
3318 0 0 0 
3320 0 0 0 
3322 0 0 0 
3324 0 0 0 
3326 0 0 0 
3328 0 0 0 
3330 0 0 0 
3332 0 0 0 
3334 0 0 0 
3336 0 0 0 
3338 0 0 0 
3340 0 0 0 
3342 0 0 0 
3344 0 0 0 
3346 0 0 0 
3348 0 0 0 
3350 0 0 0 
3352 0 0 0 
3354 0 0 0 
3356 0 0 0 
3358 0 0 0 
3360 0 0 0 
3362 0 0 0 
3364 0 0 0 
3366 0 0 0 
3368 0 0 0 
3370 0 0 0 
3372 0 0 0 
3374 0 0 0 
3376 0 0 0 
3378 0 0 0 
3380 0 0 0 
3382 0 0 0 
3384 0 0 0 
3386 0 0 0 
3388 0 0 0 
3390 0 0 0 
3392 0 0 0 
3394 0 0 0 
3396 0 0 0 
3398 0 0 0 
3400 0 0 0 
3402 0 0 0 
3404 0 0 0 
3406 0 0 0 
3408 0 0 0 
3410 0 0 0 
3412 0 0 0 
3414 0 0 0 
3416 0 0 0 
3418 0 0 0 
3420 0 0 0 
3422 0 0 0 
3424 0 0 0 
3426 0 0 0 
3428 0 0 0 
3430 0 0 0 
3432 0 0 0 
3434 0 0 0 
3436 0 0 0 
3438 0 0 0 
3440 0 0 0 
3442 0 0 0 
3444 0 0 0 
3446 0 0 0 
3448 0 0 0 
3450 0 0 0 
3452 0 0 0 
3454 0 0 0 
3456 0 0 0 
3458 0 0 0 
3460 0 0 0 
3462 0 0 0 
3464 0 0 0 
3466 0 0 0 
3468 0 0 0 
3470 0 0 0 
3472 0 0 0 
3474 0 0 0 
3476 0 0 0 
3478 0 0 0 
3480 0 0 0 
3482 0 0 0 
3484 0 0 0 
3486 0 0 0 
3488 0 0 0 
3490 0 0 0 
3492 0 0 0 
3494 0 0 0 
3496 0 0 0 
3498 0 0 0 
3500 0 0 0 
3502 0 0 0 
3504 0 0 0 
3506 0 0 0 
3508 0 0 0 
3510 0 0 0 
3512 0 0 0 
3514 0 0 0 
3516 0 0 0 
3518 0 0 0 
3520 0 0 0 
3522 0 0 0 
3524 0 0 0 
3526 0 0 0 
3528 0 0 0 
3530 0 0 0 
3532 0 0 0 
3534 0 0 0 
3536 0 0 0 
3538 0 0 0 
3540 0 0 0 
3542 0 0 0 
3544 0 0 0 
3546 0 0 0 
3548 0 0 0 
3550 0 0 0 
3552 0 0 0 
3554 0 0 0 
3556 0 0 0 
3558 0 0 0 
3560 0 0 0 
3562 0 0 0 
3564 0 0 0 
3566 0 0 0 
3568 0 0 0 
3570 0 0 0 
3572 0 0 0 
3574 0 0 0 
3576 0 0 0 
3578 0 0 0 
3580 0 0 0 
3582 0 0 0 
3584 0 0 0 
3586 0 0 0 
3588 0 0 0 
3590 0 0 0 
3592 0 0 0 
3594 0 0 0 
3596 0 0 0 
3598 0 0 0 
3600 0 0 0 
3602 0 0 0 
3604 0 0 0 
3606 0 0 0 
3608 0 0 0 
3610 0 0 0 
3612 0 0 0 
3614 0 0 0 
3616 0 0 0 
3618 0 0 0 
3620 0 0 0 
3622 0 0 0 
3624 0 0 0 
3626 0 0 0 
3628 0 0 0 
3630 0 0 0 
3632 0 0 0 
3634 0 0 0 
3636 0 0 0 
3638 0 0 0 
3640 0 0 0 
3642 0 0 0 
3644 0 0 0 
3646 0 0 0 
3648 0 0 0 
3650 0 0 0 
3652 0 0 0 
3654 0 0 0 
3656 0 0 0 
3658 0 0 0 
3660 0 0 0 
3662 0 0 0 
3664 0 0 0 
3666 0 0 0 
3668 0 0 0 
3670 0 0 0 
3672 0 0 0 
3674 0 0 0 
3676 0 0 0 
3678 0 0 0 
3680 0 0 0 
3682 0 0 0 
3684 0 0 0 
3686 0 0 0 
3688 0 0 0 
3690 0 0 0 
3692 0 0 0 
3694 0 0 0 
3696 0 0 0 
3698 0 0 0 
3700 0 0 0 
3702 0 0 0 
3704 0 0 0 
3706 0 0 0 
3708 0 0 0 
3710 0 0 0 
3712 0 0 0 
3714 0 0 0 
3716 0 0 0 
3718 0 0 0 
3720 0 0 0 
3722 0 0 0 
3724 0 0 0 
3726 0 0 0 
3728 0 0 0 
3730 0 0 0 
3732 0 0 0 
3734 0 0 0 
3736 0 0 0 
3738 0 0 0 
3740 0 0 0 
3742 0 0 0 
3744 0 0 0 
3746 0 0 0 
3748 0 0 0 
3750 0 0 0 
3752 0 0 0 
3754 0 0 0 
3756 0 0 0 
3758 0 0 0 
3760 0 0 0 
3762 0 0 0 
3764 0 0 0 
3766 0 0 0 
3768 0 0 0 
3770 0 0 0 
3772 0 0 0 
3774 0 0 0 
3776 0 0 0 
3778 0 0 0 
3780 0 0 0 
3782 0 0 0 
3784 0 0 0 
3786 0 0 0 
3788 0 0 0 
3790 0 0 0 
3792 0 0 0 
3794 0 0 0 
3796 0 0 0 
3798 0 0 0 
3800 0 0 0 
3802 0 0 0 
3804 0 0 0 
3806 0 0 0 
3808 0 0 0 
3810 0 0 0 
3812 0 0 0 
3814 0 0 0 
3816 0 0 0 
3818 0 0 0 
3820 0 0 0 
3822 0 0 0 
3824 0 0 0 
3826 0 0 0 
3828 0 0 0 
3830 0 0 0 
3832 0 0 0 
3834 0 0 0 
3836 0 0 0 
3838 0 0 0 
3840 0 0 0 
3842 0 0 0 
3844 0 0 0 
3846 0 0 0 
3848 0 0 0 
3850 0 0 0 
3852 0 0 0 
3854 0 0 0 
3856 0 0 0 
3858 0 0 0 
3860 0 0 0 
3862 0 0 0 
3864 0 0 0 
3866 0 0 0 
3868 0 0 0 
3870 0 0 0 
3872 0 0 0 
3874 0 0 0 
3876 0 0 0 
3878 0 0 0 
3880 0 0 0 
3882 0 0 0 
3884 0 0 0 
3886 0 0 0 
3888 0 0 0 
3890 0 0 0 
3892 0 0 0 
3894 0 0 0 
3896 0 0 0 
3898 0 0 0 
3900 0 0 0 
3902 0 0 0 
3904 0 0 0 
3906 0 0 0 
3908 0 0 0 
3910 0 0 0 
3912 0 0 0 
3914 0 0 0 
3916 0 0 0 
3918 0 0 0 
3920 0 0 0 
3922 0 0 0 
3924 0 0 0 
3926 0 0 0 
3928 0 0 0 
3930 0 0 0 
3932 0 0 0 
3934 0 0 0 
3936 0 0 0 
3938 0 0 0 
3940 0 0 0 
3942 0 0 0 
3944 0 0 0 
3946 0 0 0 
3948 0 0 0 
3950 0 0 0 
3952 0 0 0 
3954 0 0 0 
3956 0 0 0 
3958 0 0 0 
3960 0 0 0 
3962 0 0 0 
3964 0 0 0 
3966 0 0 0 
3968 0 0 0 
3970 0 0 0 
3972 0 0 0 
3974 0 0 0 
3976 0 0 0 
3978 0 0 0 
3980 0 0 0 
3982 0 0 0 
3984 0 0 0 
3986 0 0 0 
3988 0 0 0 
3990 0 0 0 
3992 0 0 0 
3994 0 0 0 
3996 0 0 0 
3998 0 0 0 
4000 0 0 0 
4002 0 0 0 
4004 0 0 0 
4006 0 0 0 
4008 0 0 0 
4010 0 0 0 
4012 0 0 0 
4014 0 0 0 
4016 0 0 0 
4018 0 0 0 
4020 0 0 0 
4022 0 0 0 
4024 0 0 0 
4026 0 0 0 
4028 0 0 0 
4030 0 0 0 
4032 0 0 0 
4034 0 0 0 
4036 0 0 0 
4038 0 0 0 
4040 0 0 0 
4042 0 0 0 
4044 0 0 0 
4046 0 0 0 
4048 0 0 0 
4050 0 0 0 
4052 0 0 0 
4054 0 0 0 
4056 0 0 0 
4058 0 0 0 
4060 0 0 0 
4062 0 0 0 
4064 0 0 0 
4066 0 0 0 
4068 0 0 0 
4070 0 0 0 
4072 0 0 0 
4074 0 0 0 
4076 0 0 0 
4078 4 0 0 
4080 24 0 0 
4082 69 0 0 
4084 235 0 0 
4086 816 0 0 
4088 2396 0 0 
4090 6030 0 0 
4092 11977 0 0 
4094 16392 0 0 
4096 12055 0 0 

