T	B(T)	N = 4
0.2	1.0
0.2997995991983968	0.9999999999945244
0.3995991983967936	0.9999999957070358
0.4993987975951904	0.9999997654248933
0.5991983967935872	0.9999966192108066
0.6989979959919839	0.9999772557901031
0.7987975951903807	0.9999049734792207
0.8985971943887776	0.9997110386418053
0.9983967935871743	0.9992966245982369
1.0981963927855711	0.9985439516181881
1.1979959919839678	0.9973311781159427
1.2977955911823646	0.9955461519545411
1.3975951903807615	0.9930964217825561
1.4973947895791582	0.9899149017127188
1.597194388777555	0.9859617232801652
1.6969939879759517	0.9812232476984313
1.7967935871743486	0.9757092404381986
1.8965931863727454	0.969449053906552
1.996392785571142	0.9624874538820832
2.096192384769539	0.9548805252106511
2.195991983967936	0.9466919269112216
2.295791583166333	0.937989641437764
2.3955911823647296	0.9288432738708094
2.495390781563126	0.9193218977026174
2.5951903807615233	0.9094924076726648
2.69498997995992	0.8994183205789584
2.7947895791583166	0.8891589570203895
2.8945891783567133	0.8787689366406086
2.9943887775551103	0.8682979236875832
3.094188376753507	0.8577905664624874
3.1939879759519036	0.8472865820605602
3.2937875751503007	0.8368209457636381
3.3935871743486974	0.8264241519568476
3.493386773547094	0.8161225201982667
3.593186372745491	0.8059385259341773
3.692985971943888	0.7958911403016583
3.7927855711422844	0.7859961675411725
3.8925851703406815	0.7762665718384665
3.992384769539078	0.7667127880279814
4.092184368737475	0.7573430126225383
4.1919839679358715	0.7481634731848991
4.291783567134268	0.7391786752150956
4.391583166332666	0.7303916265711579
4.491382765531062	0.7218040400364507
4.591182364729459	0.7134165150495627
4.690981963927856	0.7052286998678972
4.790781563126252	0.6972394355803719
4.890581162324649	0.6894468834470016
4.990380761523046	0.6818486370464982
5.090180360721443	0.6744418206751026
5.18997995991984	0.6672231753742132
5.289779559118236	0.6601891338813247
5.389579158316633	0.6533358857058699
5.48937875751503	0.6466594334344661
5.589178356713426	0.6401556412726606
5.688977955911824	0.6338202767354287
5.7887775551102205	0.6276490463081443
5.888577154308617	0.62163762581474
5.988376753507014	0.6157816861508735
6.0881763527054105	0.6100769149674395
6.187975951903807	0.6045190348236831
6.287775551102205	0.5991038182693066
6.387575150300601	0.5938271002610516
6.487374749498998	0.5886847882708766
6.587174348697395	0.5836728703996568
6.686973947895791	0.5787874217718747
6.786773547094188	0.5740246094526179
6.8865731462925845	0.5693806960979687
6.986372745490982	0.564852042523145
7.086172344689379	0.5604351093491715
7.185971943887775	0.5561264578681216
7.285771543086172	0.5519227502487036
7.385571142284569	0.5478207491879534
7.485370741482965	0.5438173171007443
7.585170340681363	0.539909414926503
7.6849699398797595	0.5360941006217684
7.784769539078156	0.532368527397801
7.884569138276553	0.5287299417542317
7.9843687374749495	0.5251756813525683
8.084168336673345	0.5217031727671165
8.183967935871742	0.5183099291454284
8.283767535070139	0.5149935478056564
8.383567134268535	0.511751707794057
8.483366733466932	0.5085821674223303
8.58316633266533	0.5054827618013531
8.682965931863727	0.5024514003852012
8.782765531062124	0.4994860645370003
8.88256513026052	0.4965848051261581
8.982364729458917	0.49374574016477957
9.082164328657313	0.4909670524895753
9.18196392785571	0.48824698749428697
9.281763527054107	0.48558385091655687
9.381563126252503	0.4829760066822064
9.4813627254509	0.48042187480910203
9.581162324649297	0.4779199293720908
9.680961923847693	0.475468696529898
9.780761523046092	0.4730667526144048
9.880561122244488	0.4707127222822931
9.980360721442885	0.4684052767287106
10.080160320641282	0.4661431319623168
10.179959919839678	0.46392504714083405
10.279759519038075	0.4617498229660395
10.379559118236472	0.4596163001369742
10.479358717434868	0.45752335786002374
10.579158316633265	0.455469912414437
10.678957915831662	0.4534549157717611
10.778757515030058	0.451477354267648
10.878557114228455	0.4495362473244202
10.978356713426852	0.44763064622279747
11.07815631262525	0.4457596329211526
11.177955911823647	0.44392231892068446
11.277755511022043	0.4421178441749065
11.37755511022044	0.44034537604185675
11.477354709418837	0.4386041082774774
11.577154308617233	0.4368932600686295
11.67695390781563	0.4352120751042483
11.776753507014027	0.43355982068317456
11.876553106212423	0.43193578685724754
11.97635270541082	0.43033928560827417
12.076152304609217	0.42876965005753553
12.175951903807613	0.42722623370653956
12.27575150300601	0.4257084097077586
12.375551102204408	0.4242155701641499
12.475350701402805	0.422747125456282
12.575150300601202	0.42130250359595056
12.674949899799598	0.4198811496051926
12.774749498997995	0.4184825249196613
12.874549098196391	0.4171061068153552
12.974348697394788	0.4157513878577388
13.074148296593185	0.414417875372334
13.173947895791581	0.4131050909358851
13.273747494989978	0.41181256988725123
13.373547094188375	0.4105398608572097
13.473346693386771	0.409286525316382
13.573146292585168	0.408052137140533
13.672945891783566	0.4068362821925271
13.772745490981963	0.4056385579202444
13.87254509018036	0.40445857296980137
13.972344689378756	0.4032959468134487
14.072144288577153	0.4021503093915233
14.17194388777555	0.40102130076789666
14.271743486973946	0.3999085707983505
14.371543086172343	0.39881177881134944
14.47134268537074	0.3977305933007098
14.571142284569136	0.39666469162967166
14.670941883767533	0.3956137597459066
14.77074148296593	0.39457749190702907
14.870541082164326	0.39355559041616384
14.970340681362725	0.3925477653671845
15.070140280561121	0.39155373439921237
15.169939879759518	0.3905732224600169
15.269739478957915	0.38960596157795413
15.369539078156311	0.3886516906421005
15.469338677354708	0.3877101551902562
15.569138276553105	0.3867811072045031
15.668937875751501	0.38586430491402446
15.768737474949898	0.3849595126048848
15.868537074148295	0.38406650043651114
15.968336673346691	0.3831850442646012
16.06813627254509	0.3823149254702136
16.167935871743484	0.3814559307947938
16.267735470941883	0.3806078521809064
16.367535070140278	0.37977048661845747
16.467334669338676	0.37894363599618575
16.56713426853707	0.3781271069582275
16.66693386773547	0.37732071076555673
16.766733466933864	0.3765242631621182
16.866533066132263	0.37573758424546644
16.96633266533066	0.3749604983417514
17.066132264529056	0.37419283388487856
17.165931863727454	0.37343442329968557
17.26573146292585	0.3726851028889919
17.365531062124248	0.3719447127243698
17.465330661322643	0.3712130965405027
17.56513026052104	0.3704901016329927
17.664929859719436	0.3697755787595012
17.764729458917834	0.3690693820440807
17.86452905811623	0.3683713688846033
17.964328657314628	0.36768139986315496
18.064128256513023	0.36699933865929935
18.16392785571142	0.366325051966097
18.26372745490982	0.36565840940879424
18.363527054108214	0.36499928346606936
18.463326653306613	0.36434754939376024
18.563126252505008	0.3637030851509724
18.662925851703406	0.36306577132849127
18.7627254509018	0.3624354910794154
18.8625250501002	0.3618121300519268
18.962324649298594	0.3611955763241339
19.062124248496993	0.3605857203409031
19.161923847695387	0.3599824548526205
19.261723446893786	0.3593856748558055
19.361523046092184	0.3587952775355283
19.46132264529058	0.35821116220954763
19.561122244488978	0.3576332302741332
19.660921843687373	0.3570613851514939
19.76072144288577	0.3564955322387766
19.860521042084166	0.35593557885856497
19.960320641282564	0.3553814342108421
20.06012024048096	0.3548330093263572
20.159919839679358	0.354290217021356
20.259719438877752	0.3537529718536272
20.35951903807615	0.3532211900798188
20.459318637274546	0.3526947896139905
20.559118236472944	0.3521736899873473
20.658917835671343	0.35165781230913407
20.758717434869737	0.35114707922863464
20.858517034068136	0.35064141489825174
20.95831663326653	0.35014074493763125
21.05811623246493	0.3496449963987913
21.157915831663324	0.3491540977322276
21.257715430861722	0.34866797875396727
21.357515030060117	0.34818657061353386
21.457314629258516	0.34770980576279964
21.55711422845691	0.34723761792569485
21.65691382765531	0.346769942068748
21.756713426853704	0.3463067143724321
21.856513026052102	0.3458478722032863
21.9563126252505	0.3453933540867977
22.056112224448896	0.3449430996810108
22.155911823647294	0.3444970497508486
22.25571142284569	0.3440551461431198
22.355511022044087	0.3436173317621911
22.455310621242482	0.343183550546307
22.55511022044088	0.3427537474445379
22.654909819639276	0.34232786839432894
22.754709418837674	0.3419058602996423
22.85450901803607	0.34148767100967214
22.954308617234467	0.341073249298107
23.054108216432862	0.34066254484293834
23.15390781563126	0.34025550820678174
23.25370741482966	0.33985209081771095
23.353507014028054	0.33945224495057924
23.453306613226452	0.33905592370881776
23.553106212424847	0.33866308100669884
23.652905811623246	0.33827367155204624
23.75270541082164	0.33788765082938
23.85250501002004	0.33750497508348953
23.952304609218434	0.33712560130341296
24.052104208416832	0.33674948720681996
24.151903807615227	0.3363765912247778
24.251703406813625	0.33600687248689876
24.35150300601202	0.3356402908068532
24.45130260521042	0.33527680666823256
24.551102204408817	0.3349163812107683
24.650901803607212	0.3345589762168757
24.75070140280561	0.33420455409853433
24.850501002004005	0.3338530778844766
24.950300601202404	0.333504511207694
25.0501002004008	0.3331588182932348
25.149899799599197	0.332815963946302
25.249699398797592	0.33247591354062567
25.34949899799599	0.33213863300712076
25.449298597194385	0.33180408882280643
25.549098196392784	0.3314722479999883
25.64889779559118	0.33114307807569676
25.748697394789577	0.33081654710137
25.848496993987975	0.3304926236327783
25.94829659318637	0.330171276720183
26.04809619238477	0.3298524758987216
26.147895791583164	0.329536191179016
26.247695390781562	0.32922239303799716
26.347494989979957	0.32891105240993745
26.447294589178355	0.3286021406776882
26.54709418837675	0.32829562966411996
26.64689378757515	0.3279914916237503
26.746693386773543	0.3276896992345659
26.846492985971942	0.3273902255900276
26.946292585170337	0.3270930441912505
27.046092184368735	0.32679812893936555
27.145891783567134	0.326505454128045
27.24569138276553	0.3262149944361965
27.345490981963927	0.32592672492081975
27.445290581162322	0.325640621010016
27.54509018036072	0.3253566584961567
27.644889779559115	0.3250748135291972
27.744689378757514	0.3247950626101388
27.84448897795591	0.3245173825846286
27.944288577154307	0.3242417506367068
28.0440881763527	0.32396814428267673
28.1438877755511	0.32369654136511694
28.243687374749495	0.32342692004701656
28.343486973947893	0.323159258806037
28.443286573146292	0.32289353642889584
28.543086172344687	0.32262973200586886
28.642885771543085	0.3223678249254103
28.74268537074148	0.32210779486888463
28.84248496993988	0.32184962180541055
28.942284569138273	0.32159328598681003
29.04208416833667	0.3213387679426676
29.141883767535067	0.32108604847548583
29.241683366733465	0.3208351086559471
29.34148296593186	0.32058592981827116
29.44128256513026	0.32033849355566635
29.541082164328653	0.32009278171587585
29.64088176352705	0.3198487763968174
29.74068136272545	0.3196064599423061
29.840480961923845	0.31936581493786953
29.940280561122243	0.3191268242066454
30.040080160320638	0.31888947080536045
30.139879759519037	0.31865373802039554
30.23967935871743	0.3184196093639211
30.33947895791583	0.31818706857011936
30.439278557114225	0.3179560995914761
30.539078156312623	0.3177266865951447
30.638877755511018	0.3174988139593877
30.738677354709417	0.317272466270087
30.83847695390781	0.31704762831731603
30.93827655310621	0.31682428509199045
31.03807615230461	0.3166024217825745
31.137875751503003	0.31638202377185953
31.2376753507014	0.31616307663379617
31.337474949899796	0.3159455661303967
31.437274549098195	0.31572947820869146
31.53707414829659	0.3155147989977476
31.636873747494988	0.3153015148057421
31.736673346693383	0.3150896121170905
31.83647294589178	0.3148790775896364
31.936272545090176	0.31466989805188406
32.036072144288575	0.31446206050029457
32.13587174348697	0.31425555209662415
32.23567134268537	0.31405036016531795
32.33547094188377	0.3138464721909513
32.43527054108217	0.31364387581571895
32.53507014028056	0.3134425588369696
32.63486973947896	0.31324250920478947
32.73466933867736	0.31304371501962835
32.834468937875755	0.3128461645299696
32.934268537074146	0.312649846130046
33.034068136272545	0.3124547483575921
33.13386773547094	0.31226085989164454
33.23366733466934	0.3120681695503773
33.33346693386773	0.3118766662889785
33.43326653306613	0.3116863391975664
33.53306613226453	0.31149717749914196
33.63286573146293	0.3113091705475788
33.73266533066133	0.31112230782564954
33.83246492985972	0.31093657894308757
33.932264529058116	0.3107519736346849
34.032064128256515	0.3105684817584191
34.13186372745491	0.31038609329362177
34.231663326653305	0.310204798339172
34.3314629258517	0.31002458711172354
34.4312625250501	0.30984544994396934
34.5310621242485	0.3096673772829268
34.63086172344689	0.30949035968826055
34.73066132264529	0.3093143878306328
34.83046092184369	0.3091394524900801
34.93026052104209	0.3089655445544226
35.030060120240485	0.30879265501769426
35.129859719438876	0.3086207749786112
35.229659318637275	0.308449895639052
35.32945891783567	0.3082800083025794
35.42925851703407	0.3081111043729745
35.52905811623246	0.30794317535280413
35.62885771543086	0.3077762128420092
35.72865731462926	0.30761020853651977
35.82845691382766	0.307445154226889
35.92825651302605	0.3072810417969549
36.02805611222445	0.30711786322252244
36.127855711422846	0.3069556105700697
36.227655310621245	0.30679427599547004
36.32745490981964	0.3066338517427465
36.427254509018034	0.30647433014283587
36.52705410821643	0.3063157036123765
36.62685370741483	0.30615796465252476
36.72665330661323	0.30600110584777673
36.82645290581162	0.3058451198648211
36.92625250501002	0.3056899994514035
37.02605210420842	0.3055357374352168
37.125851703406816	0.3053823267228013
37.22565130260521	0.30522976029846904
37.325450901803606	0.30507803122324373
37.425250501002004	0.3049271326338163
37.5250501002004	0.30477705774152053
37.6248496993988	0.3046277998313247
37.72464929859719	0.3044793522608338
37.82444889779559	0.3043317084593178
37.92424849699399	0.3041848619267473
38.02404809619239	0.3040388062328476
38.12384769539078	0.3038935350161691
38.22364729458918	0.30374904198316965
38.323446893787576	0.3036053209073135
38.423246492985974	0.3034623656281852
38.52304609218437	0.30332017005061473
38.622845691382764	0.3031787281438174
38.72264529058116	0.30303803394055184
38.82244488977956	0.30289808153628295
38.92224448897796	0.3027588650883637
39.02204408817635	0.3026203788152284
39.12184368737475	0.3024826169955994
39.22164328657315	0.302345573967703
39.321442885771546	0.30220924412850114
39.42124248496994	0.30207362193293363
39.521042084168336	0.3019387018931692
39.620841683366734	0.3018044785778742
39.72064128256513	0.3016709466114875
39.82044088176353	0.3015381006735065
39.92024048096192	0.30140593549778805
40.02004008016032	0.3012744458718559
40.11983967935872	0.30114362663622085
40.21963927855712	0.3010134726837097
40.31943887775551	0.3008839789588065
40.41923847695391	0.30075514045700147
40.519038076152306	0.3006269522241509
40.618837675350704	0.3004994093558466
40.718637274549096	0.3003725069967944
40.818436873747494	0.30024624034020264
40.91823647294589	0.30012060462717804
41.01803607214429	0.2999955951461324
41.11783567134269	0.2998712072321985
41.21763527054108	0.29974743626665035
41.31743486973948	0.2996242776763396
41.41723446893788	0.29950172693313326
41.517034068136276	0.2993797795533619
41.61683366733467	0.29925843109727635
41.716633266533066	0.2991376771685137
41.816432865731464	0.2990175134135682
41.91623246492986	0.2988979355212724
42.016032064128254	0.29877893922228305
42.11583166332665	0.2986605202885777
42.21563126252505	0.298542674532956
42.31543086172345	0.29842539780854893
42.41523046092185	0.2983086860083368
42.51503006012024	0.29819253506467014
42.61482965931864	0.2980769409488011
42.714629258517036	0.29796189967042075
42.814428857715434	0.29784740727720305
42.914228456913825	0.2977334598543524
43.014028056112224	0.29762005352416265
43.11382765531062	0.297507184445577
43.21362725450902	0.29739484881375966
43.31342685370741	0.2972830428596682
43.41322645290581	0.2971717628496351
43.51302605210421	0.2970610050849558
43.61282565130261	0.2969507659014794
43.712625250501006	0.296841041669206
43.8124248496994	0.2967318287918925
43.912224448897796	0.29662312370666166
44.012024048096194	0.29651492288361436
44.11182364729459	0.29640722282545173
44.211623246492984	0.2963000200670993
44.31142284569138	0.29619331117533765
44.41122244488978	0.2960870927484378
44.51102204408818	0.29598136141580067
44.61082164328657	0.2958761138376038
44.71062124248497	0.29577134670445093
44.81042084168337	0.29566705673702454
44.910220440881766	0.29556324068574935
45.010020040080164	0.2954598953304546
45.109819639278555	0.2953570174800406
45.209619238476954	0.2952546039721564
45.30941883767535	0.29515265167287263
45.40921843687375	0.2950511574763657
45.50901803607214	0.29495011830460505
45.60881763527054	0.2948495311070407
45.70861723446894	0.2947493928602991
45.80841683366734	0.2946497005678814
45.90821643286573	0.29455045125986623
46.00801603206413	0.2944516419926162
46.107815631262525	0.294353269848487
46.207615230460924	0.29425533193554276
46.30741482965932	0.2941578253872734
46.40721442885771	0.2940607473623169
46.50701402805611	0.29396409504418197
46.60681362725451	0.29386786564098166
46.70661322645291	0.29377205638516046
46.8064128256513	0.2936766645332325
46.9062124248497	0.2935816873655219
47.0060120240481	0.2934871221859041
47.105811623246495	0.2933929663215511
47.20561122244489	0.2932992171226827
47.305410821643285	0.2932058719623156
47.405210420841684	0.2931129282360234
47.50501002004008	0.2930203833616929
47.60480961923848	0.29292823477928476
47.70460921843687	0.29283647995060136
47.80440881763527	0.29274511635905176
47.90420841683367	0.29265414150942504
48.00400801603207	0.2925635529276629
48.10380761523046	0.29247334816063564
48.20360721442886	0.2923835247759219
48.303406813627255	0.29229408036159366
48.403206412825654	0.29220501252599385
48.503006012024045	0.2921163188975342
48.60280561122244	0.2920279971244766
48.70260521042084	0.29194004487473135
48.80240480961924	0.29185245983565
48.90220440881764	0.2917652397138242
49.00200400801603	0.2916783822348876
49.10180360721443	0.29159188514331635
49.20160320641283	0.2915057462022361
49.301402805611225	0.2914199631932306
49.40120240480962	0.2913345339161495
49.501002004008015	0.29124945618892295
49.60080160320641	0.2911647278473768
49.70060120240481	0.29108034674504757
49.8004008016032	0.29099631075300336
49.9002004008016	0.2909126177596659
50.0	0.2908292656706324

T	B(T)	N = 16
0.2	0.9999999999999999
0.2997995991983968	0.9999999999988677
0.3995991983967936	0.9999999991119304
0.4993987975951904	0.9999999513768971
0.5991983967935872	0.9999992946384425
0.6989979959919839	0.9999951862960736
0.7987975951903807	0.9999793800483536
0.8985971943887776	0.9999348817512467
0.9983967935871743	0.9998329579723715
1.0981963927855711	0.9996296689887967
1.1979959919839678	0.9992603790941237
1.2977955911823646	0.9986309169262972
1.3975951903807615	0.9976051154417938
1.4973947895791582	0.9959903014840864
1.597194388777555	0.993524599599706
1.6969939879759517	0.989871822919104
1.7967935871743486	0.9846300882857361
1.8965931863727454	0.9773582149220579
1.996392785571142	0.9676194676365801
2.096192384769539	0.9550365546564468
2.195991983967936	0.9393471533322264
2.295791583166333	0.9204476928216124
2.3955911823647296	0.8984155465308192
2.495390781563126	0.8735053206381214
2.5951903807615233	0.8461214141559578
2.69498997995992	0.8167741407347318
2.7947895791583166	0.7860290137660075
2.8945891783567133	0.7544582051894844
2.9943887775551103	0.7226006233462503
3.094188376753507	0.6909338034044057
3.1939879759519036	0.6598579221190594
3.2937875751503007	0.6296902923208094
3.3935871743486974	0.6006677446535189
3.493386773547094	0.5729541571218094
3.593186372745491	0.5466507403931569
3.692985971943888	0.5218072511828887
3.7927855711422844	0.49843289403172686
3.8925851703406815	0.4765061772370611
3.992384769539078	0.455983371861274
4.092184368737475	0.4368054844332345
4.1919839679358715	0.4189038144766932
4.291783567134268	0.4022042532942338
4.391583166332666	0.3866305146899789
4.491382765531062	0.37210649090537085
4.591182364729459	0.3585579120314004
4.690981963927856	0.3459134639717494
4.790781563126252	0.33410549451711846
4.890581162324649	0.3230704125767989
4.990380761523046	0.3127488637544029
5.090180360721443	0.3030857468722181
5.18997995991984	0.294030120770725
5.289779559118236	0.28553503845723993
5.389579158316633	0.277557336040374
5.48937875751503	0.2700573964264177
5.589178356713426	0.2629989020562007
5.688977955911824	0.2563485866628439
5.7887775551102205	0.2500759928258178
5.888577154308617	0.24415323973470793
5.988376753507014	0.2385548038570584
6.0881763527054105	0.23325731397128302
6.187975951903807	0.22823936115585464
6.287775551102205	0.22348132372598983
6.387575150300601	0.21896520670744724
6.487374749498998	0.21467449517993686
6.587174348697395	0.2105940206694472
6.686973947895791	0.2067098396895275
6.786773547094188	0.20300912350375366
6.8865731462925845	0.19948005818895798
6.986372745490982	0.19611175410933934
7.086172344689379	0.1928941639566446
7.185971943887775	0.18981800856510467
7.285771543086172	0.18687470976731735
7.385571142284569	0.1840563296158333
7.485370741482965	0.18135551535284167
7.585170340681363	0.17876544956560214
7.6849699398797595	0.17627980501757534
7.784769539078156	0.1738927036938136
7.884569138276553	0.1715986796442135
7.9843687374749495	0.16939264524938857
8.084168336673345	0.16726986057156723
8.183967935871742	0.16522590548694205
8.283767535070139	0.16325665432679526
8.383567134268535	0.16135825278248617
8.483366733466932	0.15952709685441047
8.58316633266533	0.15775981364753067
8.682965931863727	0.15605324383619745
8.782765531062124	0.1544044256390804
8.88256513026052	0.15281058016118632
8.982364729458917	0.15126909797443888
9.082164328657313	0.1497775268212369
9.18196392785571	0.14833356033704082
9.281763527054107	0.14693502769836808
9.381563126252503	0.145579884111936
9.4813627254509	0.14426620206893337
9.581162324649297	0.1429921632959077
9.680961923847693	0.14175605134041658
9.780761523046092	0.1405562447355515
9.880561122244488	0.1393912106928299
9.980360721442885	0.13825949927776815
10.080160320641282	0.13715973802675197
10.179959919839678	0.13609062696772556
10.279759519038075	0.1350509340106978
10.379559118236472	0.1340394906772171
10.479358717434868	0.13305518814079398
10.579158316633265	0.1320969735527786
10.678957915831662	0.13116384663054692
10.778757515030058	0.1302548564868673
10.878557114228455	0.12936909868122615
10.978356713426852	0.1285057124755924
11.07815631262525	0.12766387827857772
11.177955911823647	0.1268428152634209
11.277755511022043	0.12604177914639458
11.37755511022044	0.12526006011342106
11.477354709418837	0.1244969808837082
11.577154308617233	0.1237518949001466
11.67695390781563	0.12302418463705278
11.776753507014027	0.12231326001664522
11.876553106212423	0.12161855692632129
11.97635270541082	0.12093953582944361
12.076152304609217	0.120275680462953
12.175951903807613	0.11962649661563018
12.27575150300601	0.11899151098134264
12.375551102204408	0.11837027008202838
12.475350701402805	0.11776233925560975
12.575150300601202	0.11716730170436196
12.674949899799598	0.1165847575996497
12.774749498997995	0.11601432323920435
12.874549098196391	0.11545563025345063
12.974348697394788	0.11490832485761171
13.074148296593185	0.11437206714659398
13.173947895791581	0.1138465304298546
13.273747494989978	0.11333140060367342
13.373547094188375	0.11282637555840935
13.473346693386771	0.1123311646185412
13.573146292585168	0.11184548801340921
13.672945891783566	0.111369076376723
13.772745490981963	0.11090167027307651
13.87254509018036	0.11044301974978499
13.972344689378756	0.1099928839124924
14.072144288577153	0.10955103052312554
14.17194388777555	0.10911723561883879
14.271743486973946	0.10869128315068499
14.371543086172343	0.10827296464087088
14.47134268537074	0.10786207885747356
14.571142284569136	0.10745843150561418
14.670941883767533	0.10706183493414478
14.77074148296593	0.10667210785693104
14.870541082164326	0.1062890750879193
14.970340681362725	0.10591256728920095
15.070140280561121	0.10554242073133957
15.169939879759518	0.10517847706527483
15.269739478957915	0.10482058310517761
15.369539078156311	0.10446859062163028
15.469338677354708	0.10412235614458698
15.569138276553105	0.10378174077557745
15.668937875751501	0.10344661000864686
15.768737474949898	0.10311683355959156
15.868537074148295	0.10279228520301587
15.968336673346691	0.10247284261682199
16.06813627254509	0.10215838723373949
16.167935871743484	0.1018488040995229
16.267735470941883	0.10154398173747348
16.367535070140278	0.10124381201896937
16.467334669338676	0.1009481900396878
16.56713426853707	0.10065701400124083
16.66693386773547	0.10037018509794304
16.766733466933864	0.10008760740846334
16.866533066132263	0.09980918779211345
16.96633266533066	0.09953483578955047
17.066132264529056	0.09926446352767115
17.165931863727454	0.09899798562849438
17.26573146292585	0.09873531912185474
17.365531062124248	0.09847638336168862
17.465330661322643	0.09822109994578954
17.56513026052104	0.0979693926388292
17.664929859719436	0.09772118729850576
17.764729458917834	0.09747641180467959
17.86452905811623	0.09723499599133834
17.964328657314628	0.09699687158128856
18.064128256513023	0.09676197212341497
18.16392785571142	0.09653023293242935
18.26372745490982	0.09630159103094948
18.363527054108214	0.09607598509385373
18.463326653306613	0.0958533553947698
18.563126252505008	0.09563364375461814
18.662925851703406	0.09541679349212906
18.7627254509018	0.09520274937621576
18.8625250501002	0.09499145758016958
18.962324649298594	0.0947828656375429
19.062124248496993	0.09457692239969928
19.161923847695387	0.09437357799491974
19.261723446893786	0.09417278378901628
19.361523046092184	0.09397449234739441
19.46132264529058	0.09377865739848446
19.561122244488978	0.09358523379850503
19.660921843687373	0.0933941774974878
19.76072144288577	0.09320544550651588
19.860521042084166	0.0930189958661316
19.960320641282564	0.09283478761585795
20.06012024048096	0.09265278076478922
20.159919839679358	0.09247293626321396
20.259719438877752	0.0922952159752195
20.35951903807615	0.09211958265224651
20.459318637274546	0.09194599990754981
20.559118236472944	0.09177443219153325
20.658917835671343	0.09160484476792519
20.758717434869737	0.09143720369075314
20.858517034068136	0.09127147578210026
20.95831663326653	0.0911076286105994
21.05811623246493	0.09094563047064574
21.157915831663324	0.09078545036229668
21.257715430861722	0.09062705797183224
21.357515030060117	0.09047042365295321
21.457314629258516	0.09031551840859042
21.55711422845691	0.09016231387330031
21.65691382765531	0.09001078229623727
21.756713426853704	0.08986089652466034
21.856513026052102	0.08971262998797336
21.9563126252505	0.08956595668226819
22.056112224448896	0.08942085115535447
22.155911823647294	0.08927728849226924
22.25571142284569	0.08913524430122277
22.355511022044087	0.08899469469999532
22.455310621242482	0.08885561630274985
22.55511022044088	0.08871798620724847
22.654909819639276	0.08858178198246458
22.754709418837674	0.08844698165656983
22.85450901803607	0.08831356370528165
22.954308617234467	0.08818150704057559
23.054108216432862	0.08805079099971658
23.15390781563126	0.08792139533463894
23.25370741482966	0.08779330020162757
23.353507014028054	0.0876664861513079
23.453306613226452	0.08754093411893549
23.553106212424847	0.08741662541496442
23.652905811623246	0.08729354171589399
23.75270541082164	0.08717166505538154
23.85250501002004	0.08705097781561011
23.952304609218434	0.08693146271890351
24.052104208416832	0.08681310281958554
24.151903807615227	0.08669588149606988
24.251703406813625	0.08657978244317022
24.35150300601202	0.08646478966463333
24.45130260521042	0.08635088746587827
24.551102204408817	0.08623806044693993
24.650901803607212	0.08612629349561018
24.75070140280561	0.0860155717807678
24.850501002004005	0.08590588074588745
24.950300601202404	0.085797206102743
25.0501002004008	0.08568953382526501
25.149899799599197	0.08558285014357159
25.249699398797592	0.08547714153816943
25.34949899799599	0.08537239473429681
25.449298597194385	0.08526859669643172
25.549098196392784	0.08516573462293953
25.64889779559118	0.08506379594086289
25.748697394789577	0.08496276830085736
25.848496993987975	0.08486263957225093
25.94829659318637	0.08476339783824116
26.04809619238477	0.08466503139120896
26.147895791583164	0.08456752872817175
26.247695390781562	0.08447087854633217
26.347494989979957	0.08437506973876019
26.447294589178355	0.08428009139017845
26.54709418837675	0.08418593277285202
26.64689378757515	0.08409258334259406
26.746693386773543	0.08400003273486534
26.846492985971942	0.08390827076096907
26.946292585170337	0.08381728740435213
27.046092184368735	0.08372707281699054
27.145891783567134	0.08363761731586972
27.24569138276553	0.08354891137955
27.345490981963927	0.0834609456448212
27.445290581162322	0.0833737109034296
27.54509018036072	0.08328719809890184
27.644889779559115	0.08320139832343565
27.744689378757514	0.08311630281486027
27.84448897795591	0.08303190295369012
27.944288577154307	0.08294819026023337
28.0440881763527	0.08286515639177505
28.1438877755511	0.0827827931398295
28.243687374749495	0.08270109242745693
28.343486973947893	0.08262004630664777
28.443286573146292	0.08253964695575622
28.543086172344687	0.08245988667702009
28.642885771543085	0.08238075789410404
28.74268537074148	0.0823022531497355
28.84248496993988	0.08222436510337272
28.942284569138273	0.08214708652893155
29.04208416833667	0.08207041031257467
29.141883767535067	0.08199432945053964
29.241683366733465	0.0819188370470243
29.34148296593186	0.08184392631212001
29.44128256513026	0.0817695905597855
29.541082164328653	0.08169582320587843
29.64088176352705	0.08162261776622204
29.74068136272545	0.08154996785471913
29.840480961923845	0.08147786718150596
29.940280561122243	0.0814063095511568
30.040080160320638	0.08133528886091113
30.139879759519037	0.08126479909895923
30.23967935871743	0.08119483434275465
30.33947895791583	0.08112538875736286
30.439278557114225	0.08105645659385785
30.539078156312623	0.08098803218773587
30.638877755511018	0.08092010995738419
30.738677354709417	0.08085268440256721
30.83847695390781	0.08078575010295319
30.93827655310621	0.08071930171666941
31.03807615230461	0.08065333397889285
31.137875751503003	0.08058784170046396
31.2376753507014	0.0805228197665413
31.337474949899796	0.08045826313527082
31.437274549098195	0.08039416683649603
31.53707414829659	0.08033052597048473
31.636873747494988	0.08026733570669586
31.736673346693383	0.08020459128255664
31.83647294589178	0.0801422880022793
31.936272545090176	0.08008042123569181
32.036072144288575	0.08001898641709904
32.13587174348697	0.07995797904416646
32.23567134268537	0.07989739467682955
32.33547094188377	0.07983722893621437
32.43527054108217	0.07977747750359909
32.53507014028056	0.07971813611937595
32.63486973947896	0.07965920058205667
32.73466933867736	0.07960066674727084
32.834468937875755	0.07954253052681337
32.934268537074146	0.07948478788769142
33.034068136272545	0.0794274348512003
33.13386773547094	0.07937046749200705
33.23366733466934	0.0793138819372694
33.33346693386773	0.07925767436575715
33.43326653306613	0.07920184100699434
33.53306613226453	0.07914637814042624
33.63286573146293	0.07909128209459282
33.73266533066133	0.07903654924632608
33.83246492985972	0.0789821760199576
33.932264529058116	0.07892815888654114
34.032064128256515	0.07887449436309701
34.13186372745491	0.07882117901186736
34.231663326653305	0.07876820943958363
34.3314629258517	0.0787155822967498
34.4312625250501	0.07866329427694074
34.5310621242485	0.07861134211611454
34.63086172344689	0.07855972259193078
34.73066132264529	0.07850843252309558
34.83046092184369	0.0784574687687043
34.93026052104209	0.07840682822760847
35.030060120240485	0.07835650783778325
35.129859719438876	0.07830650457572141
35.229659318637275	0.0782568154558203
35.32945891783567	0.07820743752980208
35.42925851703407	0.0781583678861224
35.52905811623246	0.07810960364940689
35.62885771543086	0.07806114197988911
35.72865731462926	0.07801298007286506
35.82845691382766	0.07796511515815108
35.92825651302605	0.07791754449955324
36.02805611222445	0.07787026539435593
36.127855711422846	0.07782327517280208
36.227655310621245	0.07777657119760262
36.32745490981964	0.07773015086343671
36.427254509018034	0.07768401159647231
36.52705410821643	0.07763815085389769
36.62685370741483	0.07759256612344534
36.72665330661323	0.07754725492294434
36.82645290581162	0.07750221479986963
36.92625250501002	0.07745744333089655
37.02605210420842	0.0774129381214721
37.125851703406816	0.07736869680539105
37.22565130260521	0.07732471704437516
37.325450901803606	0.0772809965276613
37.425250501002004	0.0772375329716033
37.5250501002004	0.07719432411927296
37.6248496993988	0.07715136774007036
37.72464929859719	0.07710866162934193
37.82444889779559	0.07706620360800409
37.92424849699399	0.07702399152217687
38.02404809619239	0.07698202324281733
38.12384769539078	0.07694029666536584
38.22364729458918	0.07689880970939167
38.323446893787576	0.07685756031825242
38.423246492985974	0.07681654645875535
38.52304609218437	0.07677576612081971
38.622845691382764	0.07673521731715449
38.72264529058116	0.07669489808293739
38.82244488977956	0.07665480647549061
38.92224448897796	0.07661494057397933
39.02204408817635	0.07657529847910238
39.12184368737475	0.0765358783127883
39.22164328657315	0.07649667821790596
39.321442885771546	0.07645769635796773
39.42124248496994	0.07641893091684993
39.521042084168336	0.07638038009850456
39.620841683366734	0.07634204212668916
39.72064128256513	0.07630391524469049
39.82044088176353	0.07626599771506015
39.92024048096192	0.07622828781935143
40.02004008016032	0.07619078385785638
40.11983967935872	0.07615348414935341
40.21963927855712	0.07611638703086232
40.31943887775551	0.07607949085738808
40.41923847695391	0.0760427940016879
40.519038076152306	0.07600629485402344
40.618837675350704	0.07596999182193387
40.718637274549096	0.07593388333000362
40.818436873747494	0.07589796781962943
40.91823647294589	0.07586224374880457
41.01803607214429	0.07582670959189364
41.11783567134269	0.0757913638394172
41.21763527054108	0.07575620499783975
41.31743486973948	0.07572123158935762
41.41723446893788	0.07568644215169762
41.517034068136276	0.07565183523790608
41.61683366733467	0.07561740941615591
41.716633266533066	0.07558316326954428
41.816432865731464	0.07554909539590526
41.91623246492986	0.0755152044076095
42.016032064128254	0.07548148893138573
42.11583166332665	0.07544794760813112
42.21563126252505	0.07541457909272897
42.31543086172345	0.07538138205387135
42.41523046092185	0.07534835517387939
42.51503006012024	0.0753154971485337
42.61482965931864	0.07528280668690068
42.714629258517036	0.07525028251116272
42.814428857715434	0.07521792335645539
42.914228456913825	0.07518572797069956
43.014028056112224	0.07515369511444403
43.11382765531062	0.07512182356070629
43.21362725450902	0.0750901120948142
43.31342685370741	0.075058559514255
43.41322645290581	0.07502716462851966
43.51302605210421	0.07499592625895923
43.61282565130261	0.07496484323863228
43.712625250501006	0.0749339144121628
43.8124248496994	0.07490313863559517
43.912224448897796	0.07487251477625745
44.012024048096194	0.07484204171261899
44.11182364729459	0.07481171833415545
44.211623246492984	0.07478154354121336
44.31142284569138	0.07475151624487752
44.41122244488978	0.07472163536684251
44.51102204408818	0.07469189983928182
44.61082164328657	0.07466230860472112
44.71062124248497	0.07463286061591279
44.81042084168337	0.07460355483571313
44.910220440881766	0.07457439023696155
45.010020040080164	0.07454536580236137
45.109819639278555	0.07451648052435966
45.209619238476954	0.07448773340503134
45.30941883767535	0.07445912345596684
45.40921843687375	0.07443064969815616
45.50901803607214	0.07440231116187812
45.60881763527054	0.0743741068865933
45.70861723446894	0.07434603592083056
45.80841683366734	0.07431809732208605
45.90821643286573	0.07429029015671373
46.00801603206413	0.07426261349982188
46.107815631262525	0.07423506643517275
46.207615230460924	0.07420764805508395
46.30741482965932	0.0741803574603177
46.40721442885771	0.07415319376000107
46.50701402805611	0.07412615607151118
46.60681362725451	0.07409924352038977
46.70661322645291	0.07407245524024786
46.8064128256513	0.0740457903726719
46.9062124248497	0.07401924806713156
47.0060120240481	0.0739928274808912
47.105811623246495	0.07396652777891854
47.20561122244489	0.07394034813379968
47.305410821643285	0.07391428772564934
47.405210420841684	0.07388834574203118
47.50501002004008	0.07386252137786387
47.60480961923848	0.07383681383534668
47.70460921843687	0.07381122232387582
47.80440881763527	0.07378574605995936
47.90420841683367	0.07376038426714238
48.00400801603207	0.07373513617592353
48.10380761523046	0.07371000102368086
48.20360721442886	0.07368497805459806
48.303406813627255	0.07366006651957879
48.403206412825654	0.0736352656761805
48.503006012024045	0.07361057478854116
48.60280561122244	0.07358599312730085
48.70260521042084	0.07356151996953453
48.80240480961924	0.07353715459867871
48.90220440881764	0.07351289630446556
49.00200400801603	0.07348874438284914
49.10180360721443	0.07346469813593903
49.20160320641283	0.07344075687193663
49.301402805611225	0.07341691990506272
49.40120240480962	0.07339318655549931
49.501002004008015	0.07336955614931684
49.60080160320641	0.07334602801841861
49.70060120240481	0.07332260150047443
49.8004008016032	0.07329927593885421
49.9002004008016	0.07327605068257514
50.0	0.07325292508623482

T	B(T)	N = 36
0.2	0.9999999999999999
0.2997995991983968	0.9999999999994587
0.3995991983967936	0.9999999995755131
0.4993987975951904	0.9999999767548545
0.5991983967935872	0.9999996626092285
0.6989979959919839	0.9999976948869561
0.7987975951903807	0.9999901076028638
0.8985971943887776	0.9999686814457301
0.9983967935871743	0.9999194241627091
1.0981963927855711	0.9998207907493739
1.1979959919839678	0.9996407822768071
1.2977955911823646	0.9993316148866095
1.3975951903807615	0.9988197501848523
1.4973947895791582	0.9979873627532497
1.597194388777555	0.9966390779080723
1.6969939879759517	0.9944470396499709
1.7967935871743486	0.9908726748262906
1.8965931863727454	0.9850805797170963
1.996392785571142	0.9758888940925697
2.096192384769539	0.9618261148694607
2.195991983967936	0.9413547179471232
2.295791583166333	0.913251828626519
2.3955911823647296	0.8770281821752874
2.495390781563126	0.8331978292655567
2.5951903807615233	0.7832569721721045
2.69498997995992	0.7293751641869525
2.7947895791583166	0.6739406169006888
2.8945891783567133	0.6191399656699965
2.9943887775551103	0.5666905379475342
3.094188376753507	0.5177478671931276
3.1939879759519036	0.47294492496600427
3.2937875751503007	0.43249974583424167
3.3935871743486974	0.3963396492110771
3.493386773547094	0.36421180014101173
3.593186372745491	0.3357682498044916
3.692985971943888	0.31062484535015633
3.7927855711422844	0.2883984773814967
3.8925851703406815	0.2687283915567926
3.992384769539078	0.2512867197891664
4.092184368737475	0.23578221246130848
4.1919839679358715	0.22195997766327635
4.291783567134268	0.20959908054304677
4.391583166332666	0.19850916219517312
4.491382765531062	0.18852676580830585
4.591182364729459	0.17951175258424468
4.690981963927856	0.17134400053012744
4.790781563126252	0.16392046639288527
4.890581162324649	0.15715262693115406
4.990380761523046	0.15096428170238063
5.090180360721443	0.1452896834710551
5.18997995991984	0.14007195659969818
5.289779559118236	0.13526176369477372
5.389579158316633	0.13081618355051128
5.48937875751503	0.12669776744120909
5.589178356713426	0.12287374514891325
5.688977955911824	0.11931535629934142
5.7887775551102205	0.11599728638620577
5.888577154308617	0.11289719020697975
5.988376753507014	0.10999528830340655
6.0881763527054105	0.1072740244282806
6.187975951903807	0.10471777409441563
6.287775551102205	0.10231259595484299
6.387575150300601	0.10004601916657863
6.487374749498998	0.0979068610502416
6.587174348697395	0.09588507031544147
6.686973947895791	0.09397159191196525
6.786773547094188	0.09215825021901236
6.8865731462925845	0.09043764782334529
6.986372745490982	0.08880307758274397
7.086172344689379	0.08724844604005644
7.185971943887775	0.08576820655918094
7.285771543086172	0.08435730080879433
7.385571142284569	0.08301110743143103
7.485370741482965	0.08172539691242675
7.585170340681363	0.08049629181116869
7.6849699398797595	0.07932023164110125
7.784769539078156	0.07819394178916261
7.884569138276553	0.0771144059531168
7.9843687374749495	0.07607884164931877
8.084168336673345	0.07508467840615785
8.183967935871742	0.07412953831161073
8.283767535070139	0.07321121862847302
8.383567134268535	0.07232767622940295
8.483366733466932	0.07147701363671999
8.58316633266533	0.07065746648006765
8.682965931863727	0.0698673922091082
8.782765531062124	0.06910525991922012
8.88256513026052	0.06836964116590782
8.982364729458917	0.06765920165912176
9.082164328657313	0.06697269374192238
9.18196392785571	0.06630894956950195
9.281763527054107	0.06566687491454704
9.381563126252503	0.06504544353365138
9.4813627254509	0.06444369203704614
9.581162324649297	0.0638607152105497
9.680961923847693	0.06329566174438961
9.780761523046092	0.06274773032868786
9.880561122244488	0.06221616607971758
9.980360721442885	0.06170025726508799
10.080160320641282	0.0611993322993416
10.179959919839678	0.06071275698452849
10.279759519038075	0.06023993197299626
10.379559118236472	0.05978029043196842
10.479358717434868	0.05933329589162484
10.579158316633265	0.05889844026022062
10.678957915831662	0.05847524199143206
10.778757515030058	0.058063244390626156
10.878557114228455	0.05766201404797977
10.978356713426852	0.05727113938765371
11.07815631262525	0.05689022932312615
11.177955911823647	0.056518912009866806
11.277755511022043	0.05615683368725266
11.37755511022044	0.055803657602442325
11.477354709418837	0.05545906300955883
11.577154308617233	0.05512274423816277
11.67695390781563	0.05479440982550354
11.776753507014027	0.054473781707579993
11.876553106212423	0.054160594464403244
11.97635270541082	0.053854594615340146
12.076152304609217	0.053555539960707055
12.175951903807613	0.053263198966137626
12.27575150300601	0.05297735018655292
12.375551102204408	0.052697781726777304
12.475350701402805	0.05242429073618449
12.575150300601202	0.052156682934840326
12.674949899799598	0.05189477216895999
12.774749498997995	0.0516383799935336
12.874549098196391	0.05138733528027184
12.974348697394788	0.0511414738490632
13.074148296593185	0.050900638121355035
13.173947895791581	0.05066467679393871
13.273747494989978	0.05043344453177534
13.373547094188375	0.050206801678576385
13.473346693386771	0.049984613983962145
13.573146292585168	0.049766752346107834
13.672945891783566	0.04955309256885876
13.772745490981963	0.049343515132408866
13.87254509018036	0.04913790497661319
13.972344689378756	0.04893615129620965
14.072144288577153	0.048738147347126226
14.17194388777555	0.04854379026323552
14.271743486973946	0.048352980882882424
14.371543086172343	0.04816562358458132
14.47134268537074	0.04798162613134904
14.571142284569136	0.04780089952312938
14.670941883767533	0.047623357856831694
14.77074148296593	0.0474489181935307
14.870541082164326	0.04727750043242107
14.970340681362725	0.047109027191089003
15.070140280561121	0.04694342369179494
15.169939879759518	0.04678061765337427
15.269739478957915	0.04662053918843845
15.369539078156311	0.04646312070562586
15.469338677354708	0.04630829681653981
15.569138276553105	0.046156004247187354
15.668937875751501	0.04600618175361526
15.768737474949898	0.04585877004154626
15.868537074148295	0.045713711689788106
15.968336673346691	0.04557095107719156
16.06813627254509	0.04543043431301386
16.167935871743484	0.04529210917044035
16.267735470941883	0.04515592502316634
16.367535070140278	0.04502183278482552
16.467334669338676	0.04488978485115114
16.56713426853707	0.04475973504468933
16.66693386773547	0.04463163856199559
16.766733466933864	0.044505451923113615
16.866533066132263	0.0443811329232815
16.96633266533066	0.04425864058671425
17.066132264529056	0.04413793512238717
17.165931863727454	0.044018977881699284
17.26573146292585	0.043901731317929515
17.365531062124248	0.0437861589474029
17.465330661322643	0.0436722253122972
17.56513026052104	0.043559895944962124
17.664929859719436	0.043449137333745336
17.764729458917834	0.04333991689018868
17.86452905811623	0.04323220291759555
17.964328657314628	0.04312596458083262
18.064128256513023	0.04302117187737187
18.16392785571142	0.04291779560948061
18.26372745490982	0.04281580735750801
18.363527054108214	0.042715179454239305
18.463326653306613	0.0426158849602456
18.563126252505008	0.0425178976401861
18.662925851703406	0.04242119194004301
18.7627254509018	0.04232574296522351
18.8625250501002	0.042231526459491686
18.962324649298594	0.042138518784709644
19.062124248496993	0.04204669690134488
19.161923847695387	0.04195603834969308
19.261723446893786	0.04186652123182166
19.361523046092184	0.04177812419416438
19.46132264529058	0.0416908264107696
19.561122244488978	0.04160460756714768
19.660921843687373	0.04151944784472428
19.76072144288577	0.04143532790584192
19.860521042084166	0.04135222887930179
19.960320641282564	0.041270132346434174
20.06012024048096	0.041189020327645265
20.159919839679358	0.04110887526945861
20.259719438877752	0.041029680031996696
20.35951903807615	0.04095141787691059
20.459318637274546	0.04087407245572017
20.559118236472944	0.040797627798563996
20.658917835671343	0.0407220683033267
20.758717434869737	0.04064737872515489
20.858517034068136	0.040573544166307096
20.95831663326653	0.04050055006636
21.05811623246493	0.040428382192749135
21.157915831663324	0.04035702663159846
21.257715430861722	0.04028646977889494
21.357515030060117	0.040216698331918765
21.457314629258516	0.04014769928097417
21.55711422845691	0.040079459901390946
21.65691382765531	0.04001196774577043
21.756713426853704	0.03994521063650125
21.856513026052102	0.03987917665850538
21.9563126252505	0.03981385415222172
22.056112224448896	0.03974923170680089
22.155911823647294	0.03968529815353716
22.25571142284569	0.03962204255948509
22.355511022044087	0.03955945422128582
22.455310621242482	0.03949752265919848
22.55511022044088	0.03943623761128601
22.654909819639276	0.03937558902781402
22.754709418837674	0.039315567065801194
22.85450901803607	0.039256162083732615
22.954308617234467	0.039197364636465615
23.054108216432862	0.03913916547023777
23.15390781563126	0.03908155551788006
23.25370741482966	0.039024525894131745
23.353507014028054	0.038968067891115066
23.453306613226452	0.038912172973945225
23.553106212424847	0.03885683277645802
23.652905811623246	0.03880203909707225
23.75270541082164	0.03874778389477185
23.85250501002004	0.03869405928520453
23.952304609218434	0.03864085753688529
24.052104208416832	0.03858817106752843
24.151903807615227	0.03853599244046357
24.251703406813625	0.03848431436116906
24.35150300601202	0.038433129673894895
24.45130260521042	0.03838243135838404
24.551102204408817	0.038332212526696274
24.650901803607212	0.03828246642009314
24.75070140280561	0.038233186406051
24.850501002004005	0.038184365975310275
24.950300601202404	0.03813599873905238
25.0501002004008	0.03808807842611639
25.149899799599197	0.03804059888031208
25.249699398797592	0.037993554057808465
25.34949899799599	0.03794693802457694
25.449298597194385	0.037900744953920595
25.549098196392784	0.03785496912405484
25.64889779559118	0.037809604915773454
25.748697394789577	0.03776464681015068
25.848496993987975	0.037720089386322986
25.94829659318637	0.03767592731932923
26.04809619238477	0.03763215537799591
26.147895791583164	0.03758876842288861
26.247695390781562	0.0375457614043091
26.347494989979957	0.03750312936035405
26.447294589178355	0.037460867415016086
26.54709418837675	0.037418970776330385
26.64689378757515	0.0373774347345841
26.746693386773543	0.0373362546605569
26.846492985971942	0.037295426003813414
26.946292585170337	0.03725494429102971
27.046092184368735	0.03721480512437991
27.145891783567134	0.0371750041799459
27.24569138276553	0.037135537206176794
27.345490981963927	0.03709640002237835
27.445290581162322	0.03705758851725194
27.54509018036072	0.03701909864745856
27.644889779559115	0.03698092643622353
27.744689378757514	0.036943067971971555
27.84448897795591	0.036905519407004705
27.944288577154307	0.036868276956196766
28.0440881763527	0.03683133689573914
28.1438877755511	0.03679469556189163
28.243687374749495	0.03675834934979183
28.343486973947893	0.0367222947122714
28.443286573146292	0.03668652815870721
28.543086172344687	0.03665104625390336
28.642885771543085	0.036615845616997156
28.74268537074148	0.0365809229203895
28.84248496993988	0.03654627488870066
28.942284569138273	0.03651189829775148
29.04208416833667	0.03647778997357154
29.141883767535067	0.03644394679141816
29.241683366733465	0.036410365674839795
29.34148296593186	0.03637704359473726
29.44128256513026	0.036343977568456864
29.541082164328653	0.036311164658918704
29.64088176352705	0.03627860197373067
29.74068136272545	0.036246286664358474
29.840480961923845	0.03621421592529028
29.940280561122243	0.0361823869932314
30.040080160320638	0.03615079714631553
30.139879759519037	0.03611944370332543
30.23967935871743	0.03608832402295037
30.33947895791583	0.036057435503028756
30.439278557114225	0.036026775579851344
30.539078156312623	0.035996341727426495
30.638877755511018	0.03596613145681182
30.738677354709417	0.03593614231542541
30.83847695390781	0.03590637188639412
30.93827655310621	0.035876817787898974
31.03807615230461	0.03584747767254526
31.137875751503003	0.03581834922674365
31.2376753507014	0.035789430170108494
31.337474949899796	0.03576071825485827
31.437274549098195	0.03573221126524184
31.53707414829659	0.03570390701695958
31.636873747494988	0.03567580335662579
31.736673346693383	0.035647898161206726
31.83647294589178	0.03562018933749833
31.936272545090176	0.03559267482160289
32.036072144288575	0.03556535257841298
32.13587174348697	0.03553822060112366
32.23567134268537	0.03551127691072753
32.33547094188377	0.03548451955555065
32.43527054108217	0.03545794661076895
32.53507014028056	0.0354315561779579
32.63486973947896	0.035405346384640435
32.73466933867736	0.03537931538384176
32.834468937875755	0.03535346135365991
32.934268537074146	0.03532778249684121
33.034068136272545	0.035302277040364594
33.13386773547094	0.03527694323504127
33.23366733466934	0.03525177935510526
33.33346693386773	0.03522678369782706
33.43326653306613	0.03520195458314013
33.53306613226453	0.03517729035324946
33.63286573146293	0.03515278937227739
33.73266533066133	0.03512845002589482
33.83246492985972	0.035104270720972997
33.932264529058116	0.03508024988523206
34.032064128256515	0.03505638596690619
34.13186372745491	0.03503267743440763
34.231663326653305	0.03500912277599988
34.3314629258517	0.0349857204994799
34.4312625250501	0.034962469131860185
34.5310621242485	0.03493936721906388
34.63086172344689	0.03491641332562301
34.73066132264529	0.0348936060343743
34.83046092184369	0.03487094394618406
34.93026052104209	0.03484842567964064
35.030060120240485	0.03482604987080373
35.129859719438876	0.0348038151728971
35.229659318637275	0.034781720256062965
35.32945891783567	0.03475976380709356
35.42925851703407	0.034737944529156906
35.52905811623246	0.03471626114156612
35.62885771543086	0.03469471237950672
35.72865731462926	0.03467329699380706
35.82845691382766	0.03465201375069027
35.92825651302605	0.03463086143154004
36.02805611222445	0.03460983883266677
36.127855711422846	0.03458894476508134
36.227655310621245	0.03456817805427592
36.32745490981964	0.0345475375399944
36.427254509018034	0.034527022076024094
36.52705410821643	0.034506630529985705
36.62685370741483	0.03448636178311659
36.72665330661323	0.034466214730078715
36.82645290581162	0.03444618827874657
36.92625250501002	0.03442628135002024
37.02605210420842	0.034406492877623984
37.125851703406816	0.03438682180792174
37.22565130260521	0.03436726709972682
37.325450901803606	0.034347827724121816
37.425250501002004	0.03432850266427856
37.5250501002004	0.034309290915278234
37.6248496993988	0.03429019148393886
37.72464929859719	0.034271203388644755
37.82444889779559	0.034252325659180016
37.92424849699399	0.0342335573365653
38.02404809619239	0.03421489747288908
38.12384769539078	0.03419634513115133
38.22364729458918	0.034177899385112065
38.323446893787576	0.03415955931913217
38.423246492985974	0.03414132402802328
38.52304609218437	0.03412319261690033
38.622845691382764	0.03410516420103327
38.72264529058116	0.03408723790570711
38.82244488977956	0.034069412866077675
38.92224448897796	0.03405168822703164
39.02204408817635	0.034034063143056015
39.12184368737475	0.03401653677809757
39.22164328657315	0.033999108305431625
39.321442885771546	0.033981776907541006
39.42124248496994	0.03396454177597463
39.521042084168336	0.033947402111231595
39.620841683366734	0.033930357122637034
39.72064128256513	0.033913406028215354
39.82044088176353	0.03389654805457942
39.92024048096192	0.03387978243680312
40.02004008016032	0.0338631084183143
40.11983967935872	0.033846525250779136
40.21963927855712	0.03383003219398373
40.31943887775551	0.033813628515736216
40.41923847695391	0.03379731349174864
40.519038076152306	0.03378108640553257
40.618837675350704	0.03376494654830231
40.718637274549096	0.03374889321885677
40.818436873747494	0.033732925723491514
40.91823647294589	0.03371704337589576
41.01803607214429	0.03370124549704867
41.11783567134269	0.03368553141513142
41.21763527054108	0.03366990046542284
41.31743486973948	0.03365435199021216
41.41723446893788	0.03363888533870907
41.517034068136276	0.033623499866944684
41.61683366733467	0.03360819493768785
41.716633266533066	0.03359296992035654
41.816432865731464	0.03357782419093436
41.91623246492986	0.03356275713187795
42.016032064128254	0.03354776813204152
42.11583166332665	0.033532856586586
42.21563126252505	0.03351802189690667
42.31543086172345	0.033503263470546996
42.41523046092185	0.03348858072112049
42.51503006012024	0.03347397306823696
42.61482965931864	0.03345943993742195
42.714629258517036	0.03344498076004232
42.814428857715434	0.03343059497323786
42.914228456913825	0.03341628201983671
43.014028056112224	0.033402041348295386
43.11382765531062	0.03338787241261998
43.21362725450902	0.033373774672301515
43.31342685370741	0.033359747592246025
43.41322645290581	0.033345790642705486
43.51302605210421	0.033331903299209875
43.61282565130261	0.03331808504250788
43.712625250501006	0.03330433535849431
43.8124248496994	0.03329065373815343
43.912224448897796	0.03327703967749107
44.012024048096194	0.03326349267747686
44.11182364729459	0.03325001224397783
44.211623246492984	0.033236597887704056
44.31142284569138	0.033223249124150867
44.41122244488978	0.033209965473532055
44.51102204408818	0.03319674646072701
44.61082164328657	0.03318359161523077
44.71062124248497	0.03317050047108694
44.81042084168337	0.033157472566838875
44.910220440881766	0.03314450744547637
45.010020040080164	0.033131604654380586
45.109819639278555	0.03311876374526879
45.209619238476954	0.033105984274149014
45.30941883767535	0.033093265801261706
45.40921843687375	0.033080607891035285
45.50901803607214	0.03306801011203331
45.60881763527054	0.03305547203690473
45.70861723446894	0.03304299324234039
45.80841683366734	0.033030573309017264
45.90821643286573	0.033018211821562504
46.00801603206413	0.03300590836849637
46.107815631262525	0.03299366254219249
46.207615230460924	0.03298147393883566
46.30741482965932	0.032969342158365
46.40721442885771	0.03295726680444844
46.50701402805611	0.03294524748442518
46.60681362725451	0.0329332838092693
46.70661322645291	0.032921375393543784
46.8064128256513	0.03290952185536655
46.9062124248497	0.03289772281636405
47.0060120240481	0.03288597790162928
47.105811623246495	0.032874286739688285
47.20561122244489	0.032862648962453944
47.305410821643285	0.03285106420519668
47.405210420841684	0.03283953210649737
47.50501002004008	0.0328280523082114
47.60480961923848	0.03281662445543909
47.70460921843687	0.0328052481964789
47.80440881763527	0.03279392318279828
47.90420841683367	0.03278264906899575
48.00400801603207	0.03277142551276624
48.10380761523046	0.032760252174865334
48.20360721442886	0.0327491287190782
48.303406813627255	0.03273805481218073
48.403206412825654	0.03272703012391176
48.503006012024045	0.032716054326936694
48.60280561122244	0.03270512709681772
48.70260521042084	0.03269424811197852
48.80240480961924	0.032683417053678054
48.90220440881764	0.0326726336059715
49.00200400801603	0.032661897455687594
49.10180360721443	0.03265120829239376
49.20160320641283	0.03264056580836794
49.301402805611225	0.03262996969856924
49.40120240480962	0.03261941966060555
49.501002004008015	0.03260891539470978
49.60080160320641	0.03259845660370919
49.70060120240481	0.032588042992996336
49.8004008016032	0.032577674270503065
49.9002004008016	0.032567350146671004
50.0	0.03255707033442734

