2x2
E\M	-4	-2	0	2	4
-8	1	0	0	0	1
-4	0	0	0	0	0
0	0	4	4	4	0
4	0	0	0	0	0
8	0	0	2	0	0

4x4
E\M	-16	-14	-12	-10	-8	-6	-4	-2	0	2	4	6	8	10	12	14	16
-32	1	0	0	0	0	0	0	0	0	0	0	0	0	0	0	0	1
-28	0	0	0	0	0	0	0	0	0	0	0	0	0	0	0	0	0
-24	0	16	0	0	0	0	0	0	0	0	0	0	0	0	0	16	0
-20	0	0	32	0	0	0	0	0	0	0	0	0	0	0	32	0	0
-16	0	0	88	96	24	0	0	0	8	0	0	0	24	96	88	0	0
-12	0	0	0	256	256	192	96	64	0	64	96	192	256	256	0	0	0
-8	0	0	0	208	736	688	704	624	768	624	704	688	736	208	0	0	0
-4	0	0	0	0	576	1664	1824	1920	1600	1920	1824	1664	576	0	0	0	0
0	0	0	0	0	228	1248	2928	3680	4356	3680	2928	1248	228	0	0	0	0
4	0	0	0	0	0	448	1568	3136	3264	3136	1568	448	0	0	0	0	0
8	0	0	0	0	0	128	768	1392	2112	1392	768	128	0	0	0	0	0
12	0	0	0	0	0	0	64	512	576	512	64	0	0	0	0	0	0
16	0	0	0	0	0	0	56	96	120	96	56	0	0	0	0	0	0
20	0	0	0	0	0	0	0	0	64	0	0	0	0	0	0	0	0
24	0	0	0	0	0	0	0	16	0	16	0	0	0	0	0	0	0
28	0	0	0	0	0	0	0	0	0	0	0	0	0	0	0	0	0
32	0	0	0	0	0	0	0	0	2	0	0	0	0	0	0	0	0

6x6 Tardó 54 min
E\M	-36	-34	-32	-30	-28	-26	-24	-22	-20	-18	-16	-14	-12	-10	-8	-6	-4	-2	0	2	4	6	8	10	12	14	16	18	20	22	24	26	28	30	32	34	36
-72	1	0	0	0	0	0	0	0	0	0	0	0	0	0	0	0	0	0	0	0	0	0	0	0	0	0	0	0	0	0	0	0	0	0	0	0	1
-68	0	0	0	0	0	0	0	0	0	0	0	0	0	0	0	0	0	0	0	0	0	0	0	0	0	0	0	0	0	0	0	0	0	0	0	0	0
-64	0	36	0	0	0	0	0	0	0	0	0	0	0	0	0	0	0	0	0	0	0	0	0	0	0	0	0	0	0	0	0	0	0	0	0	36	0
-60	0	0	72	0	0	0	0	0	0	0	0	0	0	0	0	0	0	0	0	0	0	0	0	0	0	0	0	0	0	0	0	0	0	0	72	0	0
-56	0	0	558	216	36	0	0	0	0	0	0	0	0	0	0	0	0	0	0	0	0	0	0	0	0	0	0	0	0	0	0	0	36	216	558	0	0
-52	0	0	0	2016	648	288	72	0	0	0	0	0	0	0	0	0	0	0	0	0	0	0	0	0	0	0	0	0	0	0	72	288	648	2016	0	0	0
-48	0	0	0	4908	7308	2844	1452	792	216	36	0	0	12	0	0	0	0	0	12	0	0	0	0	0	12	0	0	36	216	792	1452	2844	7308	4908	0	0	0
-44	0	0	0	0	23688	24480	13968	7632	4968	2736	1224	432	72	144	144	144	144	144	0	144	144	144	144	144	72	432	1224	2736	4968	7632	13968	24480	23688	0	0	0	0
-40	0	0	0	0	27225	95544	86544	62136	41634	28368	19764	13464	8820	5184	3456	2808	2700	2664	3456	2664	2700	2808	3456	5184	8820	13464	19764	28368	41634	62136	86544	95544	27225	0	0	0	0
-36	0	0	0	0	0	153504	336024	320976	258408	203232	155160	118944	93384	74592	60840	50160	42120	38592	34704	38592	42120	50160	60840	74592	93384	118944	155160	203232	258408	320976	336024	153504	0	0	0	0	0
-32	0	0	0	0	0	100332	648828	1118268	1169172	1040544	898164	761616	642528	550836	475092	423540	395568	373176	373752	373176	395568	423540	475092	550836	642528	761616	898164	1040544	1169172	1118268	648828	100332	0	0	0	0	0
-28	0	0	0	0	0	0	608112	2282256	3595176	4035024	3950064	3683376	3363048	3051504	2803824	2599344	2425752	2347344	2299680	2347344	2425752	2599344	2803824	3051504	3363048	3683376	3950064	4035024	3595176	2282256	608112	0	0	0	0	0	0
-24	0	0	0	0	0	0	252792	2564496	7164882	11037624	13086414	13794192	13788678	13410360	12893472	12408816	12095820	11825928	11788038	11825928	12095820	12408816	12893472	13410360	13788678	13794192	13086414	11037624	7164882	2564496	252792	0	0	0	0	0	0
-20	0	0	0	0	0	0	0	1548144	8636976	20542608	31673808	39356208	43856208	46237392	47208816	47457792	47250864	47161728	47010240	47161728	47250864	47457792	47208816	46237392	43856208	39356208	31673808	20542608	8636976	1548144	0	0	0	0	0	0	0
-16	0	0	0	0	0	0	0	442980	6240528	24871536	53905896	83537208	107681508	125152164	137160000	144748116	149403996	151680312	152525196	151680312	149403996	144748116	137160000	125152164	107681508	83537208	53905896	24871536	6240528	442980	0	0	0	0	0	0	0
-12	0	0	0	0	0	0	0	0	2601864	19324416	62584632	127874304	198847464	262657728	313764192	351857376	377578800	392376672	397078512	392376672	377578800	351857376	313764192	262657728	198847464	127874304	62584632	19324416	2601864	0	0	0	0	0	0	0	0
-8	0	0	0	0	0	0	0	0	546516	9645120	49293576	138281976	269648586	417699720	557542728	673475688	758452707	810164736	827402400	810164736	758452707	673475688	557542728	417699720	269648586	138281976	49293576	9645120	546516	0	0	0	0	0	0	0	0
-4	0	0	0	0	0	0	0	0	0	2931120	26428248	105570288	265556736	494848800	753788160	997994592	1193279472	1317182688	1359828000	1317182688	1193279472	997994592	753788160	494848800	265556736	105570288	26428248	2931120	0	0	0	0	0	0	0	0	0
0	0	0	0	0	0	0	0	0	0	480916	9647748	57644748	190654740	435314160	769393656	1131880752	1450906884	1668054600	1744323016	1668054600	1450906884	1131880752	769393656	435314160	190654740	57644748	9647748	480916	0	0	0	0	0	0	0	0	0
4	0	0	0	0	0	0	0	0	0	0	2233584	22527648	101625120	287356320	594585792	979974720	1356521904	1628668800	1728000432	1628668800	1356521904	979974720	594585792	287356320	101625120	22527648	2233584	0	0	0	0	0	0	0	0	0	0
8	0	0	0	0	0	0	0	0	0	0	308574	6331896	40540428	145123416	354531024	657496440	985754664	1240315488	1336101246	1240315488	985754664	657496440	354531024	145123416	40540428	6331896	308574	0	0	0	0	0	0	0	0	0	0
12	0	0	0	0	0	0	0	0	0	0	0	1158048	12133104	56807136	165822984	348192192	566862840	747933120	818194560	747933120	566862840	348192192	165822984	56807136	12133104	1158048	0	0	0	0	0	0	0	0	0	0	0
16	0	0	0	0	0	0	0	0	0	0	0	150948	2765664	17364096	61849620	148241772	263218752	364675500	405640980	364675500	263218752	148241772	61849620	17364096	2765664	150948	0	0	0	0	0	0	0	0	0	0	0
20	0	0	0	0	0	0	0	0	0	0	0	0	410832	4192704	18671616	51576336	100316088	146534832	165466512	146534832	100316088	51576336	18671616	4192704	410832	0	0	0	0	0	0	0	0	0	0	0	0
24	0	0	0	0	0	0	0	0	0	0	0	0	60768	820224	4592088	14895720	32060817	49325472	56924808	49325472	32060817	14895720	4592088	820224	60768	0	0	0	0	0	0	0	0	0	0	0	0
28	0	0	0	0	0	0	0	0	0	0	0	0	0	101520	951552	3683376	8660952	14213952	16566624	14213952	8660952	3683376	951552	101520	0	0	0	0	0	0	0	0	0	0	0	0	0
32	0	0	0	0	0	0	0	0	0	0	0	0	0	21600	173304	757296	2091492	3589416	4302864	3589416	2091492	757296	173304	21600	0	0	0	0	0	0	0	0	0	0	0	0	0
36	0	0	0	0	0	0	0	0	0	0	0	0	0	0	18144	153456	443016	806544	1004256	806544	443016	153456	18144	0	0	0	0	0	0	0	0	0	0	0	0	0	0
40	0	0	0	0	0	0	0	0	0	0	0	0	0	0	6696	28152	82404	182016	205542	182016	82404	28152	6696	0	0	0	0	0	0	0	0	0	0	0	0	0	0
44	0	0	0	0	0	0	0	0	0	0	0	0	0	0	0	2304	20448	33408	47520	33408	20448	2304	0	0	0	0	0	0	0	0	0	0	0	0	0	0	0
48	0	0	0	0	0	0	0	0	0	0	0	0	0	0	0	1668	3456	6912	11076	6912	3456	1668	0	0	0	0	0	0	0	0	0	0	0	0	0	0	0
52	0	0	0	0	0	0	0	0	0	0	0	0	0	0	0	0	144	2304	1152	2304	144	0	0	0	0	0	0	0	0	0	0	0	0	0	0	0	0
56	0	0	0	0	0	0	0	0	0	0	0	0	0	0	0	0	306	216	576	216	306	0	0	0	0	0	0	0	0	0	0	0	0	0	0	0	0
60	0	0	0	0	0	0	0	0	0	0	0	0	0	0	0	0	0	0	144	0	0	0	0	0	0	0	0	0	0	0	0	0	0	0	0	0	0
64	0	0	0	0	0	0	0	0	0	0	0	0	0	0	0	0	0	36	0	36	0	0	0	0	0	0	0	0	0	0	0	0	0	0	0	0	0
68	0	0	0	0	0	0	0	0	0	0	0	0	0	0	0	0	0	0	0	0	0	0	0	0	0	0	0	0	0	0	0	0	0	0	0	0	0
72	0	0	0	0	0	0	0	0	0	0	0	0	0	0	0	0	0	0	2	0	0	0	0	0	0	0	0	0	0	0	0	0	0	0	0	0	0

